trial  pair1_min(ms) pair1_mean(ms) pair1_max(ms) pair1_loss(pct) pair2_min(ms) pair2_mean(ms) pair2_max(ms) pair2_loss(pct) pair3_min(ms) pair3_mean(ms) pair3_max(ms) pair3_loss(pct) pair4_min(ms) pair4_mean(ms) pair4_max(ms) pair4_loss(pct) pair5_min(ms) pair5_mean(ms) pair5_max(ms) pair5_loss(pct) pair6_min(ms) pair6_mean(ms) pair6_max(ms) pair6_loss(pct) pair7_min(ms) pair7_mean(ms) pair7_max(ms) pair7_loss(pct)
1 0.03 0.2463 2.96 0.000 0.031 0.1356 1.62 0.000 0.0391 0.1484 3.32 0.000 0.0381 0.1111 0.458 0.000 0.0401 0.0794 0.362 0.000 0.031 0.2259 2.97 0.000 0.0286 0.2437 2.91 0.000
2 0.031 0.0720 0.65 0.000 0.0439 0.2116 2.71 0.000 0.0329 0.3236 4.66 0.000 0.0396 0.0714 0.502 0.000 0.0429 0.1788 3.08 0.000 0.0458 0.1364 2.35 0.000 0.0434 0.1027 1.07 0.000
3 0.0381 0.2193 2.99 0.000 0.0257 0.3365 3.22 0.000 0.0319 0.2322 2.66 0.000 0.0401 0.1615 3.4 0.000 0.0319 0.2861 3.77 0.000 0.0396 0.3114 3.22 0.000 0.0353 0.1146 3.12 0.000
4 0.0424 0.1899 3.35 0.000 0.0386 0.3184 5.4 0.000 0.0439 0.1406 2.47 0.000 0.042 0.2843 6.25 0.000 0.0219 0.2244 3.01 0.000 0.0381 0.1371 2.71 0.000 0.0391 0.2912 3.47 0.000
5 0.0329 0.1309 2.69 0.000 0.0401 0.0885 0.407 0.000 0.0272 0.1575 2.38 0.000 0.0401 0.3268 3.84 0.000 0.0319 0.1810 3.98 0.000 0.031 0.4091 3 0.000 0.0291 0.2562 4.4 0.000
6 0.0267 0.0927 1.01 0.000 0.0348 0.1385 3.01 0.000 0.0329 0.0682 0.243 0.000 0.031 0.2476 4.01 0.000 0.0381 0.1593 2.18 0.000 0.0343 0.1713 2.94 0.000 0.0329 0.2570 2.59 0.000
7 0.0391 0.2213 2.53 0.000 0.0381 0.1685 3.75 0.000 0.0386 0.1015 0.436 0.000 0.0367 0.2036 3.17 0.000 0.0401 0.1092 2.22 0.000 0.031 0.1991 2.94 0.000 0.0329 0.1750 3.07 0.000
8 0.0401 0.1497 2.71 0.000 0.041 0.1583 2.7 0.000 0.0362 0.2063 5.99 0.000 0.0401 0.1408 2.2 0.000 0.0362 0.2139 3 0.000 0.031 0.0592 0.14 0.000 0.0358 0.1547 6 0.000
9 0.031 0.1858 2.75 0.000 0.0372 0.3577 3.72 0.000 0.031 0.4222 5.01 0.000 0.031 0.1273 2.78 0.000 0.0367 0.1038 2.72 0.000 0.0391 0.4406 6.61 0.000 0.0358 0.1852 4.3 0.000
10 0.0439 0.2347 4.88 0.000 0.041 0.0937 0.779 0.000 0.031 0.0866 2 0.000 0.0329 0.1492 2.3 0.000 0.0358 0.3675 4.95 0.000 0.0281 0.1228 1.24 0.000 0.0319 0.2530 5.45 0.000
