trial  cont1a(Gbit/s) cont1b(Gbit/s) cont2a(Gbit/s) cont2b(Gbit/s) cont3a(Gbit/s) cont3b(Gbit/s) cont4a(Gbit/s) cont4b(Gbit/s) cont5a(Gbit/s) cont5b(Gbit/s) cont6a(Gbit/s) cont6b(Gbit/s) cont7a(Gbit/s) cont7b(Gbit/s)
1 0.279 0.279 0.243 0.243 0.269 0.269 0.265 0.265 0.263 0.263 0.282 0.282 0.232 0.232
2 0.276 0.276 0.238 0.238 0.280 0.280 0.281 0.281 0.291 0.291 0.250 0.250 0.241 0.241
3 0.294 0.294 0.252 0.252 0.232 0.232 0.253 0.253 0.261 0.261 0.279 0.279 0.273 0.273
4 0.273 0.273 0.253 0.253 0.260 0.260 0.253 0.253 0.291 0.291 0.247 0.247 0.285 0.285
5 0.268 0.268 0.258 0.258 0.275 0.275 0.272 0.272 0.255 0.255 0.253 0.253 0.253 0.253
6 0.281 0.281 0.251 0.251 0.261 0.261 0.272 0.272 0.280 0.280 0.258 0.258 0.252 0.252
7 0.251 0.251 0.275 0.275 0.270 0.270 0.245 0.245 0.289 0.289 0.275 0.275 0.258 0.258
8 0.243 0.243 0.280 0.280 0.248 0.248 0.263 0.263 0.255 0.255 0.290 0.290 0.266 0.266
9 0.269 0.269 0.243 0.243 0.240 0.240 0.259 0.259 0.264 0.264 0.286 0.286 0.274 0.274
10 0.261 0.261 0.260 0.260 0.279 0.279 0.245 0.245 0.244 0.244 0.261 0.261 0.300 0.300
