trial  pair1_min(ms) pair1_mean(ms) pair1_max(ms) pair1_loss(pct) pair2_min(ms) pair2_mean(ms) pair2_max(ms) pair2_loss(pct) pair3_min(ms) pair3_mean(ms) pair3_max(ms) pair3_loss(pct) pair4_min(ms) pair4_mean(ms) pair4_max(ms) pair4_loss(pct) pair5_min(ms) pair5_mean(ms) pair5_max(ms) pair5_loss(pct) pair6_min(ms) pair6_mean(ms) pair6_max(ms) pair6_loss(pct) pair7_min(ms) pair7_mean(ms) pair7_max(ms) pair7_loss(pct)
1 0.03 0.2084 3.84 0.000 0.0396 0.2055 3.36 0.000 0.0291 0.1940 7 0.000 0.042 0.1109 3.25 0.000 0.0329 0.1017 1.61 0.000 0.0238 0.1754 2.99 0.000 0.0339 0.6266 3.04 0.000
2 0.0277 0.4435 4.15 0.000 0.03 0.1286 2.77 0.000 0.0291 0.1933 3.16 0.000 0.0372 0.2217 4.04 0.000 0.0386 0.1580 3.05 0.000 0.0319 0.0868 0.231 0.000 0.0381 0.1401 2.7 0.000
3 0.0372 0.1331 3.02 0.000 0.0286 0.1886 3.69 0.000 0.0319 0.0826 0.301 0.000 0.0443 0.2262 6.06 0.000 0.0391 0.1455 2.64 0.000 0.0267 0.1950 2.6 0.000 0.0429 0.2498 4.12 0.000
4 0.0319 0.1732 2.96 0.000 0.0291 0.1810 4.71 0.000 0.0319 0.1711 3.62 0.000 0.0348 0.0838 0.33 0.000 0.0348 0.2591 3.01 0.000 0.0443 0.1397 1.92 0.000 0.041 0.2480 3.75 0.000
5 0.042 0.0711 0.183 0.000 0.0257 0.1584 3.01 0.000 0.041 0.2947 2.45 0.000 0.0401 0.0754 0.363 0.000 0.0381 0.1764 2.78 0.000 0.0319 0.1602 4.48 0.000 0.0339 0.1313 1.06 0.000
6 0.0291 0.1867 3.74 0.000 0.0372 0.1292 3.13 0.000 0.0267 0.3024 3.09 0.000 0.0329 0.1497 2.69 0.000 0.0286 0.1810 2.75 0.000 0.0372 0.2755 2.76 0.000 0.0372 0.4686 5.51 0.000
7 0.0339 0.2422 2.75 0.000 0.0291 0.3234 3.03 0.000 0.0339 0.3455 4.89 0.000 0.0381 0.1449 1.99 0.000 0.0343 0.1208 2.37 0.000 0.0272 0.2285 4.87 0.000 0.0291 0.2233 2.84 0.000
8 0.031 0.2423 3.22 0.000 0.0339 0.0603 0.136 0.000 0.0453 0.1193 2.79 0.000 0.0281 0.3159 5.7 0.000 0.042 0.3010 3.39 0.000 0.0381 0.1436 3 0.000 0.042 0.1679 2.8 0.000
9 0.0267 0.1750 3.01 0.000 0.0296 0.2209 2.76 0.000 0.03 0.0717 0.231 0.000 0.042 0.1782 3.22 0.000 0.0381 0.1123 3.04 0.000 0.0424 0.1912 4.19 0.000 0.03 0.2718 3 0.000
10 0.0372 0.2275 3.91 0.000 0.0391 0.1540 3.18 0.000 0.0272 0.3047 6 0.000 0.0391 0.1365 1.73 0.000 0.0329 0.1862 3.64 0.000 0.0343 0.1696 2.16 0.000 0.0439 0.1178 1.51 0.000
