trial  cont1a(Gbit/s) cont1b(Gbit/s) cont2a(Gbit/s) cont2b(Gbit/s) cont3a(Gbit/s) cont3b(Gbit/s) cont4a(Gbit/s) cont4b(Gbit/s) cont5a(Gbit/s) cont5b(Gbit/s) cont6a(Gbit/s) cont6b(Gbit/s) cont7a(Gbit/s) cont7b(Gbit/s)
1 0.261 0.261 0.270 0.270 0.284 0.284 0.266 0.266 0.286 0.286 0.260 0.260 0.256 0.256
2 0.232 0.232 0.286 0.286 0.259 0.259 0.261 0.261 0.270 0.270 0.239 0.239 0.234 0.234
3 0.272 0.272 0.273 0.273 0.252 0.252 0.267 0.267 0.251 0.251 0.294 0.294 0.283 0.283
4 0.261 0.261 0.251 0.251 0.276 0.276 0.254 0.254 0.286 0.286 0.279 0.279 0.281 0.281
5 0.271 0.271 0.281 0.281 0.263 0.263 0.253 0.253 0.287 0.287 0.268 0.268 0.274 0.274
6 0.260 0.260 0.278 0.278 0.249 0.249 0.264 0.264 0.291 0.291 0.262 0.262 0.272 0.272
7 0.280 0.280 0.279 0.279 0.243 0.243 0.287 0.287 0.263 0.263 0.263 0.263 0.261 0.261
8 0.266 0.266 0.278 0.278 0.268 0.268 0.257 0.257 0.279 0.279 0.269 0.269 0.276 0.276
9 0.276 0.276 0.277 0.277 0.252 0.252 0.272 0.272 0.272 0.272 0.299 0.299 0.270 0.270
10 0.260 0.260 0.284 0.284 0.266 0.266 0.274 0.274 0.278 0.278 0.281 0.281 0.257 0.257
