trial  pair1_min(ms) pair1_mean(ms) pair1_max(ms) pair1_loss(pct) pair2_min(ms) pair2_mean(ms) pair2_max(ms) pair2_loss(pct) pair3_min(ms) pair3_mean(ms) pair3_max(ms) pair3_loss(pct)
1 0.0358 0.1004 0.297 0.000 0.0343 0.1222 2.97 0.000 0.0319 0.1420 2.53 0.000
2 0.0329 0.1599 2.21 0.000 0.0272 0.0724 0.22 0.000 0.0348 0.0942 2.03 0.000
3 0.03 0.0638 0.264 0.000 0.031 0.1194 2.52 0.000 0.0319 0.1382 3 0.000
4 0.0291 0.0744 0.287 0.000 0.0291 0.0972 1.4 0.000 0.0362 0.1069 2.9 0.000
5 0.031 0.0946 0.961 0.000 0.03 0.1264 2.62 0.000 0.03 0.1511 2.83 0.000
6 0.0362 0.1085 2.09 0.000 0.0353 0.1730 2.97 0.000 0.031 0.1186 2.06 0.000
7 0.03 0.1315 2.22 0.000 0.0334 0.1019 0.642 0.000 0.0348 0.0907 0.6 0.000
8 0.0291 0.0959 0.88 0.000 0.03 0.0690 0.476 0.000 0.03 0.0775 0.205 0.000
9 0.0329 0.0910 0.501 0.000 0.0329 0.0679 0.259 0.000 0.0281 0.1007 1.66 0.000
10 0.041 0.0940 0.341 0.000 0.0291 0.1218 3.01 0.000 0.031 0.1039 1.4 0.000
