trial  pair1_min(ms) pair1_mean(ms) pair1_max(ms) pair1_loss(pct) pair2_min(ms) pair2_mean(ms) pair2_max(ms) pair2_loss(pct)
1 0.0391 0.0693 0.207 0.000 0.0329 0.0759 0.258 0.000
2 0.0372 0.0834 0.217 0.000 0.0286 0.0651 0.122 0.000
3 0.03 0.0967 2.98 0.000 0.031 0.1207 1.76 0.000
4 0.0367 0.0848 0.572 0.000 0.0277 0.0672 0.524 0.000
5 0.0339 0.0635 0.148 0.000 0.0343 0.0983 0.897 0.000
6 0.03 0.0593 0.122 0.000 0.0334 0.0840 0.229 0.000
7 0.0339 0.0800 1.89 0.000 0.0401 0.0671 0.439 0.000
8 0.0339 0.0983 2.22 0.000 0.03 0.0633 0.25 0.000
9 0.031 0.0665 0.174 0.000 0.0353 0.0775 0.28 0.000
10 0.03 0.1100 1.48 0.000 0.0291 0.0755 0.55 0.000
