trial  pair1_min(ms) pair1_mean(ms) pair1_max(ms) pair1_loss(pct) pair2_min(ms) pair2_mean(ms) pair2_max(ms) pair2_loss(pct) pair3_min(ms) pair3_mean(ms) pair3_max(ms) pair3_loss(pct)
1 0.0362 0.0981 2.01 0.000 0.03 0.1058 1.68 0.000 0.0372 0.2553 3.93 0.000
2 0.03 0.2107 4.5 0.000 0.0319 0.1283 2.57 0.000 0.0319 0.1385 3 0.000
3 0.03 0.0646 0.459 0.000 0.03 0.0965 0.798 0.000 0.03 0.1942 2.41 0.000
4 0.031 0.1099 1.64 0.000 0.0257 0.1576 2.22 0.000 0.03 0.1241 2 0.000
5 0.0291 0.0599 0.14 0.000 0.03 0.1150 2.44 0.000 0.0353 0.0988 0.757 0.000
6 0.0348 0.1404 1.42 0.000 0.0329 0.1087 1.62 0.000 0.0277 0.1022 1.1 0.000
7 0.03 0.0841 0.348 0.000 0.0248 0.1151 2.59 0.000 0.0281 0.1228 2.51 0.000
8 0.0291 0.1012 0.275 0.000 0.031 0.1280 2.64 0.000 0.0358 0.0768 0.916 0.000
9 0.0381 0.0728 0.297 0.000 0.03 0.1052 0.425 0.000 0.0339 0.0819 0.403 0.000
10 0.031 0.1256 2.47 0.000 0.0319 0.0783 0.242 0.000 0.0348 0.1075 1.25 0.000
