trial  pair1_min(ms) pair1_mean(ms) pair1_max(ms) pair1_loss(pct) pair2_min(ms) pair2_mean(ms) pair2_max(ms) pair2_loss(pct) pair3_min(ms) pair3_mean(ms) pair3_max(ms) pair3_loss(pct) pair4_min(ms) pair4_mean(ms) pair4_max(ms) pair4_loss(pct)
1 0.0319 0.0988 1.23 0.000 0.0281 0.0583 0.339 0.000 0.042 0.1246 2.44 0.000 0.0329 0.0596 0.184 0.000
2 0.0358 0.1317 2.91 0.000 0.0339 0.0876 0.289 0.000 0.03 0.0971 0.43 0.000 0.031 0.1103 2.03 0.000
3 0.0343 0.0981 0.557 0.000 0.0353 0.0973 0.491 0.000 0.0291 0.1003 1.85 0.000 0.0429 0.2070 2.31 0.000
4 0.031 0.0897 3 0.000 0.031 0.0897 2.12 0.000 0.0372 0.0764 0.228 0.000 0.0401 0.1448 1.94 0.000
5 0.0329 0.1206 2.58 0.000 0.041 0.0794 0.503 0.000 0.0329 0.1459 3.22 0.000 0.0267 0.0842 0.345 0.000
6 0.0319 0.2334 3.54 0.000 0.0339 0.1585 5.47 0.000 0.0329 0.0594 0.0939 0.000 0.03 0.0708 1.1 0.000
7 0.0377 0.1585 3.87 0.000 0.0291 0.1374 2.34 0.000 0.0339 0.1365 2.74 0.000 0.0339 0.0803 0.394 0.000
8 0.0377 0.1014 2.66 0.000 0.0348 0.1065 2.39 0.000 0.0377 0.1719 2.76 0.000 0.0358 0.1341 1.28 0.000
9 0.0391 0.1615 3.18 0.000 0.0262 0.1036 0.698 0.000 0.0286 0.0927 0.666 0.000 0.0391 0.1401 2.15 0.000
10 0.0272 0.1491 1.99 0.000 0.0277 0.0730 0.221 0.000 0.0291 0.1820 9.93 0.000 0.03 0.0916 1.6 0.000
