trial  cont1a(Gbit/s) cont1b(Gbit/s) cont2a(Gbit/s) cont2b(Gbit/s) cont3a(Gbit/s) cont3b(Gbit/s) cont4a(Gbit/s) cont4b(Gbit/s)
1 0.500 0.500 0.493 0.493 0.499 0.499 0.493 0.493
2 0.502 0.502 0.490 0.490 0.483 0.483 0.485 0.485
3 0.493 0.493 0.472 0.472 0.522 0.522 0.461 0.461
4 0.493 0.493 0.488 0.488 0.481 0.481 0.494 0.494
5 0.462 0.462 0.475 0.475 0.472 0.472 0.494 0.494
6 0.492 0.492 0.514 0.514 0.489 0.489 0.484 0.484
7 0.501 0.501 0.485 0.485 0.484 0.484 0.488 0.488
8 0.489 0.489 0.477 0.477 0.485 0.485 0.477 0.477
9 0.476 0.476 0.481 0.481 0.475 0.475 0.488 0.488
10 0.506 0.506 0.513 0.513 0.489 0.489 0.498 0.498
