trial  pair1_min(ms) pair1_mean(ms) pair1_max(ms) pair1_loss(pct) pair2_min(ms) pair2_mean(ms) pair2_max(ms) pair2_loss(pct) pair3_min(ms) pair3_mean(ms) pair3_max(ms) pair3_loss(pct) pair4_min(ms) pair4_mean(ms) pair4_max(ms) pair4_loss(pct)
1 0.0367 0.1873 3.01 0.000 0.0319 0.1508 3 0.000 0.0343 0.1277 1.67 0.000 0.0319 0.0801 0.599 0.000
2 0.031 0.0577 0.195 0.000 0.03 0.0585 0.209 0.000 0.0296 0.0790 2.66 0.000 0.0291 0.0801 0.344 0.000
3 0.0291 0.0861 1.29 0.000 0.0272 0.1142 2.6 0.000 0.031 0.1163 4.05 0.000 0.0291 0.1072 1.39 0.000
4 0.0272 0.0998 2.11 0.000 0.0386 0.1149 1.56 0.000 0.0339 0.0997 1.54 0.000 0.0329 0.1242 5.46 0.000
5 0.0343 0.0627 0.336 0.000 0.0334 0.0872 0.301 0.000 0.031 0.0731 0.562 0.000 0.0348 0.1452 2.06 0.000
6 0.0248 0.0789 1.74 0.000 0.0319 0.0743 0.219 0.000 0.0281 0.1388 2.82 0.000 0.0324 0.1077 1.86 0.000
7 0.0319 0.0908 1.4 0.000 0.0319 0.0855 1.16 0.000 0.0286 0.0634 0.481 0.000 0.031 0.0626 0.378 0.000
8 0.031 0.0714 0.207 0.000 0.031 0.1474 3.15 0.000 0.041 0.0890 0.225 0.000 0.0348 0.1299 2.32 0.000
9 0.03 0.0842 2.41 0.000 0.0343 0.0855 1.23 0.000 0.031 0.1139 2.25 0.000 0.042 0.1081 0.875 0.000
10 0.0358 0.0557 0.15 0.000 0.0296 0.1092 2.2 0.000 0.0319 0.1311 2.62 0.000 0.0291 0.0610 0.192 0.000
