trial  cont1a(Gbit/s) cont1b(Gbit/s) cont2a(Gbit/s) cont2b(Gbit/s) cont3a(Gbit/s) cont3b(Gbit/s) cont4a(Gbit/s) cont4b(Gbit/s)
1 0.457 0.457 0.472 0.472 0.449 0.449 0.476 0.476
2 0.440 0.440 0.439 0.439 0.453 0.453 0.451 0.451
3 0.450 0.450 0.462 0.462 0.454 0.454 0.447 0.447
4 0.445 0.445 0.444 0.444 0.456 0.456 0.455 0.455
5 0.424 0.424 0.440 0.440 0.425 0.425 0.443 0.443
6 0.450 0.450 0.434 0.434 0.441 0.441 0.426 0.426
7 0.468 0.468 0.455 0.455 0.459 0.459 0.441 0.441
8 0.435 0.435 0.450 0.450 0.424 0.424 0.434 0.434
9 0.463 0.463 0.464 0.464 0.460 0.460 0.458 0.458
10 0.457 0.457 0.461 0.461 0.437 0.437 0.443 0.443
