trial  pair1_min(ms) pair1_mean(ms) pair1_max(ms) pair1_loss(pct) pair2_min(ms) pair2_mean(ms) pair2_max(ms) pair2_loss(pct) pair3_min(ms) pair3_mean(ms) pair3_max(ms) pair3_loss(pct) pair4_min(ms) pair4_mean(ms) pair4_max(ms) pair4_loss(pct) pair5_min(ms) pair5_mean(ms) pair5_max(ms) pair5_loss(pct)
1 0.0343 0.2016 3.02 0.000 0.0272 0.0763 0.523 0.000 0.0281 0.1835 3 0.000 0.0281 0.1921 3.01 0.000 0.0339 0.1575 4.53 0.000
2 0.0391 0.1100 2.43 0.000 0.0281 0.1590 1.6 0.000 0.0329 0.1758 3.06 0.000 0.0367 0.1377 1.75 0.000 0.0353 0.0908 2 0.000
3 0.0348 0.1785 2.19 0.000 0.0381 0.1554 3.16 0.000 0.0329 0.2293 3.86 0.000 0.0396 0.1748 5.07 0.000 0.0377 0.2684 3.39 0.000
4 0.0329 0.1166 3.01 0.000 0.0291 0.2280 3.02 0.000 0.0348 0.1762 4.58 0.000 0.0372 0.1259 3.01 0.000 0.0291 0.1164 3.07 0.000
5 0.031 0.3473 3.63 0.000 0.0319 0.1001 1.5 0.000 0.031 0.2166 3 0.000 0.0386 0.1239 3.06 0.000 0.0401 0.1146 2.31 0.000
6 0.0381 0.2422 3.11 0.000 0.0296 0.4070 4.29 0.000 0.03 0.2278 2.96 0.000 0.0429 0.0977 0.491 0.000 0.0372 0.1764 3 0.000
7 0.0372 0.3355 6.97 0.000 0.0329 0.1819 4.1 0.000 0.041 0.2469 4.55 0.000 0.031 0.0815 0.46 0.000 0.0348 0.2218 3 0.000
8 0.0429 0.0789 0.279 0.000 0.0362 0.1236 2.35 0.000 0.0339 0.1317 3.63 0.000 0.0343 0.0991 2.45 0.000 0.0334 0.1584 2.02 0.000
9 0.0339 0.3275 3.73 0.000 0.0281 0.0650 0.129 0.000 0.0339 0.0894 0.482 0.000 0.0277 0.2142 7.31 0.000 0.0391 0.1692 3.02 0.000
10 0.0324 0.0756 0.565 0.000 0.0358 0.2810 4.76 0.000 0.0272 0.0658 0.237 0.000 0.031 0.1601 3.42 0.000 0.041 0.1208 2.74 0.000
