trial  cont1a(Gbit/s) cont1b(Gbit/s) cont2a(Gbit/s) cont2b(Gbit/s) cont3a(Gbit/s) cont3b(Gbit/s) cont4a(Gbit/s) cont4b(Gbit/s) cont5a(Gbit/s) cont5b(Gbit/s)
1 0.380 0.380 0.465 0.465 0.398 0.398 0.382 0.382 0.373 0.373
2 0.404 0.404 0.403 0.403 0.401 0.401 0.417 0.417 0.391 0.391
3 0.377 0.377 0.429 0.429 0.411 0.411 0.418 0.418 0.351 0.351
4 0.422 0.422 0.423 0.423 0.402 0.402 0.374 0.374 0.386 0.386
5 0.401 0.401 0.376 0.376 0.380 0.380 0.417 0.417 0.386 0.386
6 0.369 0.369 0.361 0.361 0.437 0.437 0.420 0.420 0.380 0.380
7 0.436 0.436 0.395 0.395 0.380 0.380 0.376 0.376 0.408 0.408
8 0.365 0.365 0.418 0.418 0.446 0.446 0.404 0.404 0.350 0.350
9 0.387 0.387 0.354 0.354 0.374 0.374 0.464 0.464 0.354 0.354
10 0.433 0.433 0.388 0.388 0.406 0.406 0.381 0.381 0.343 0.343
