trial  pair1_min(ms) pair1_mean(ms) pair1_max(ms) pair1_loss(pct) pair2_min(ms) pair2_mean(ms) pair2_max(ms) pair2_loss(pct) pair3_min(ms) pair3_mean(ms) pair3_max(ms) pair3_loss(pct) pair4_min(ms) pair4_mean(ms) pair4_max(ms) pair4_loss(pct) pair5_min(ms) pair5_mean(ms) pair5_max(ms) pair5_loss(pct) pair6_min(ms) pair6_mean(ms) pair6_max(ms) pair6_loss(pct)
1 0.0319 0.2230 3.01 0.000 0.0329 0.2319 3.53 0.000 0.03 0.1711 2.77 0.000 0.03 0.1222 1.98 0.000 0.0434 0.1712 3.31 0.000 0.041 0.2234 11.9 0.000
2 0.0348 0.1993 3 0.000 0.0319 0.1130 3.01 0.000 0.0401 0.2039 6.41 0.000 0.0319 0.1393 2.15 0.000 0.0372 0.1511 2.41 0.000 0.0396 0.1170 1.95 0.000
3 0.0286 0.2894 3.01 0.000 0.0401 0.2555 3.82 0.000 0.0334 0.2990 3.97 0.000 0.041 0.1392 4.63 0.000 0.0377 0.1626 2.94 0.000 0.031 0.0819 1.02 0.000
4 0.042 0.2214 3.01 0.000 0.0319 0.1222 2.79 0.000 0.0281 0.1639 2.52 0.000 0.0319 0.1883 2.99 0.000 0.0257 0.3065 4.34 0.000 0.0377 0.2092 6.89 0.000
5 0.0329 0.1805 2.71 0.000 0.0339 0.1299 1.36 0.000 0.0329 0.0742 0.288 0.000 0.0291 0.1870 2.5 0.000 0.0401 0.1286 2.03 0.000 0.0372 0.3609 5.43 0.000
6 0.0319 0.1886 3.01 0.000 0.041 0.2288 4.69 0.000 0.0439 0.2723 6.01 0.000 0.03 0.0726 1.32 0.000 0.0377 0.1536 3.28 0.000 0.0429 0.1398 5.82 0.000
7 0.0329 0.1593 3.98 0.000 0.0238 0.2063 4.18 0.000 0.0329 0.1152 2.74 0.000 0.0429 0.1500 1.63 0.000 0.031 0.3331 4.01 0.000 0.0329 0.1729 3.21 0.000
8 0.042 0.2309 2.95 0.000 0.03 0.3385 2.94 0.000 0.0391 0.3094 3.06 0.000 0.0348 0.2552 3.47 0.000 0.0358 0.1846 2.8 0.000 0.031 0.0984 1.05 0.000
9 0.0291 0.3375 5.02 0.000 0.0391 0.1919 2.49 0.000 0.0319 0.1603 3.26 0.000 0.0329 0.2159 2.73 0.000 0.041 0.1940 4.28 0.000 0.0372 0.1868 3.01 0.000
10 0.031 0.1097 1.16 0.000 0.0272 0.1666 2.2 0.000 0.031 0.1190 2.11 0.000 0.0362 0.1138 3.07 0.000 0.0319 0.0611 0.139 0.000 0.03 0.1337 2.71 0.000
