trial  cont1a(Gbit/s) cont1b(Gbit/s) cont2a(Gbit/s) cont2b(Gbit/s) cont3a(Gbit/s) cont3b(Gbit/s) cont4a(Gbit/s) cont4b(Gbit/s) cont5a(Gbit/s) cont5b(Gbit/s) cont6a(Gbit/s) cont6b(Gbit/s)
1 0.295 0.295 0.293 0.293 0.319 0.319 0.289 0.289 0.301 0.301 0.295 0.295
2 0.291 0.291 0.294 0.294 0.301 0.301 0.311 0.311 0.317 0.317 0.294 0.294
3 0.293 0.293 0.295 0.295 0.295 0.295 0.354 0.354 0.337 0.337 0.302 0.302
4 0.280 0.280 0.313 0.313 0.286 0.286 0.304 0.304 0.333 0.333 0.284 0.284
5 0.294 0.294 0.310 0.310 0.333 0.333 0.301 0.301 0.297 0.297 0.292 0.292
6 0.288 0.288 0.300 0.300 0.298 0.298 0.312 0.312 0.343 0.343 0.297 0.297
7 0.277 0.277 0.303 0.303 0.328 0.328 0.321 0.321 0.273 0.273 0.292 0.292
8 0.325 0.325 0.286 0.286 0.282 0.282 0.275 0.275 0.331 0.331 0.303 0.303
9 0.305 0.305 0.305 0.305 0.314 0.314 0.305 0.305 0.304 0.304 0.294 0.294
10 0.292 0.292 0.297 0.297 0.302 0.302 0.323 0.323 0.314 0.314 0.282 0.282
