offered N ovs_min ovs_mean ovs_max ovs_thr sdn_min sdn_mean sdn_max sdn_thr
0.2500 1 0.0378 0.0944 1.1489 0.2680 0.0458 0.0944 0.2151 0.2680
0.5000 1 0.0395 0.1000 1.1335 0.5370 0.0452 0.0805 0.1888 0.5370
0.7500 1 0.0410 0.1230 1.5400 0.7842 0.0385 0.0855 0.1952 0.7709
1.0000 1 0.0408 0.1299 1.6926 0.7997 0.0371 0.0861 0.4138 0.7718
1.2500 1 0.0438 0.1170 1.2816 0.8128 0.0401 0.0851 0.2028 0.7701
1.5000 1 0.0430 0.1193 1.2393 0.7825 0.0388 0.0871 0.3015 0.7626
2.0000 2 0.0338 0.0841 0.9321 1.4933 0.0344 0.0843 1.0586 1.4383
3.0000 3 0.0314 0.1169 1.6353 1.8635 0.0314 0.1104 1.6846 1.7709
4.0000 4 0.0334 0.1161 1.9517 1.9543 0.0320 0.0985 1.5708 1.7942
5.0000 5 0.0342 0.1707 2.8567 1.9796 0.0326 0.1514 2.6089 1.8245
6.0000 6 0.0355 0.2111 3.3599 1.9603 0.0346 0.1861 3.2334 1.8174
7.0000 7 0.0354 0.2668 3.8083 2.0393 0.0352 0.1903 2.7401 1.8401
8.0000 8 0.0356 0.2792 4.5644 2.1089 0.0361 0.2355 3.2800 1.8693
