trial  pair1_min(ms) pair1_mean(ms) pair1_max(ms) pair1_loss(pct) pair2_min(ms) pair2_mean(ms) pair2_max(ms) pair2_loss(pct) pair3_min(ms) pair3_mean(ms) pair3_max(ms) pair3_loss(pct) pair4_min(ms) pair4_mean(ms) pair4_max(ms) pair4_loss(pct) pair5_min(ms) pair5_mean(ms) pair5_max(ms) pair5_loss(pct) pair6_min(ms) pair6_mean(ms) pair6_max(ms) pair6_loss(pct)
1 0.03 0.2157 4.05 0.000 0.0401 0.1604 2.92 0.000 0.0391 0.1744 2.76 0.000 0.0329 0.1566 2.32 0.000 0.0401 0.1596 1.52 0.000 0.0272 0.0929 2.35 0.000
2 0.0448 0.1192 1.19 0.000 0.0381 0.1090 1.36 0.000 0.0348 0.1048 1.66 0.000 0.0362 0.0673 0.296 0.000 0.0372 0.0714 1.18 0.000 0.0281 0.1178 2.74 0.000
3 0.0358 0.2409 4.47 0.000 0.0401 0.3296 3.02 0.000 0.0367 0.3059 3 0.000 0.0391 0.2048 7.27 0.000 0.0372 0.0949 0.763 0.000 0.0272 0.2092 3.42 0.000
4 0.0277 0.1777 2.95 0.000 0.0377 0.2551 3.01 0.000 0.0401 0.1702 2.65 0.000 0.0319 0.4607 6 0.000 0.0386 0.2098 3.04 0.000 0.0329 0.1410 2.42 0.000
5 0.041 0.1665 2.94 0.000 0.03 0.0959 1.56 0.000 0.0319 0.0954 0.882 0.000 0.031 0.0610 0.16 0.000 0.0272 0.2229 4.31 0.000 0.0339 0.2480 7.57 0.000
6 0.0319 0.1220 2.36 0.000 0.0381 0.3325 2.97 0.000 0.041 0.1776 2.96 0.000 0.0391 0.1516 3.13 0.000 0.0372 0.2421 2.6 0.000 0.0319 0.0986 0.813 0.000
7 0.0319 0.1333 0.839 0.000 0.031 0.1374 3.26 0.000 0.041 0.1226 3.01 0.000 0.0319 0.1321 2.45 0.000 0.0348 0.1343 2.7 0.000 0.0277 0.0927 2.01 0.000
8 0.0319 0.1486 1.67 0.000 0.0372 0.1471 2.64 0.000 0.0434 0.1366 6.02 0.000 0.0391 0.1133 3.01 0.000 0.0329 0.2864 5.01 0.000 0.031 0.2287 3.67 0.000
9 0.0319 0.2712 4.68 0.000 0.031 0.2047 2.74 0.000 0.0319 0.4032 5.01 0.000 0.041 0.1053 0.357 0.000 0.0291 0.0813 0.61 0.000 0.0281 0.1016 0.443 0.000
10 0.0334 0.2965 3.08 0.000 0.0281 0.0816 1.64 0.000 0.0358 0.1159 2.52 0.000 0.0401 0.1489 2.55 0.000 0.0262 0.4059 4.79 0.000 0.0372 0.1317 1.94 0.000
