trial  cont1a(Gbit/s) cont1b(Gbit/s) cont2a(Gbit/s) cont2b(Gbit/s) cont3a(Gbit/s) cont3b(Gbit/s) cont4a(Gbit/s) cont4b(Gbit/s) cont5a(Gbit/s) cont5b(Gbit/s) cont6a(Gbit/s) cont6b(Gbit/s)
1 0.341 0.341 0.340 0.340 0.305 0.305 0.289 0.289 0.286 0.286 0.290 0.290
2 0.311 0.311 0.304 0.304 0.324 0.324 0.288 0.288 0.316 0.316 0.282 0.282
3 0.347 0.347 0.296 0.296 0.310 0.310 0.327 0.327 0.331 0.331 0.290 0.290
4 0.348 0.348 0.337 0.337 0.307 0.307 0.269 0.269 0.326 0.326 0.303 0.303
5 0.301 0.301 0.296 0.296 0.340 0.340 0.302 0.302 0.302 0.302 0.298 0.298
6 0.333 0.333 0.292 0.292 0.289 0.289 0.283 0.283 0.300 0.300 0.354 0.354
7 0.303 0.303 0.310 0.310 0.318 0.318 0.283 0.283 0.327 0.327 0.306 0.306
8 0.293 0.293 0.309 0.309 0.306 0.306 0.298 0.298 0.312 0.312 0.313 0.313
9 0.360 0.360 0.288 0.288 0.288 0.288 0.296 0.296 0.284 0.284 0.351 0.351
10 0.327 0.327 0.308 0.308 0.296 0.296 0.331 0.331 0.318 0.318 0.309 0.309
