trial  pair1_min(ms) pair1_mean(ms) pair1_max(ms) pair1_loss(pct) pair2_min(ms) pair2_mean(ms) pair2_max(ms) pair2_loss(pct) pair3_min(ms) pair3_mean(ms) pair3_max(ms) pair3_loss(pct)
1 0.0272 0.0943 1.29 0.000 0.0319 0.1596 5.06 0.000 0.0291 0.1019 1.49 0.000
2 0.0391 0.1424 3 0.000 0.031 0.1513 3.1 0.000 0.0319 0.1246 3.01 0.000
3 0.0291 0.0915 0.344 0.000 0.0362 0.1638 1.96 0.000 0.03 0.1507 2.79 0.000
4 0.0291 0.0804 0.493 0.000 0.0339 0.0645 0.241 0.000 0.031 0.1343 1.74 0.000
5 0.0291 0.1069 1.66 0.000 0.0281 0.1081 2.18 0.000 0.0358 0.1325 2.83 0.000
6 0.03 0.1027 1.01 0.000 0.0281 0.1021 2.14 0.000 0.0391 0.1529 2.14 0.000
7 0.0291 0.1156 2.2 0.000 0.0401 0.1706 3.82 0.000 0.0353 0.1149 1.73 0.000
8 0.0319 0.0833 1.83 0.000 0.03 0.0937 0.245 0.000 0.0291 0.0755 0.246 0.000
9 0.0329 0.1015 1.69 0.000 0.0362 0.1168 2.18 0.000 0.0329 0.1036 0.966 0.000
10 0.031 0.0762 0.322 0.000 0.0281 0.1782 3.12 0.000 0.0281 0.0911 1.42 0.000
