trial  pair1_min(ms) pair1_mean(ms) pair1_max(ms) pair1_loss(pct) pair2_min(ms) pair2_mean(ms) pair2_max(ms) pair2_loss(pct) pair3_min(ms) pair3_mean(ms) pair3_max(ms) pair3_loss(pct) pair4_min(ms) pair4_mean(ms) pair4_max(ms) pair4_loss(pct) pair5_min(ms) pair5_mean(ms) pair5_max(ms) pair5_loss(pct) pair6_min(ms) pair6_mean(ms) pair6_max(ms) pair6_loss(pct) pair7_min(ms) pair7_mean(ms) pair7_max(ms) pair7_loss(pct) pair8_min(ms) pair8_mean(ms) pair8_max(ms) pair8_loss(pct)
1 0.0348 0.2151 2.79 0.000 0.0424 0.2062 3.85 0.000 0.0329 0.3388 3.26 0.000 0.03 0.3222 2.84 0.000 0.0319 0.0660 0.224 0.000 0.031 0.4491 4.07 0.000 0.0329 0.4110 3.66 0.000 0.0291 0.2401 3.01 0.000
2 0.03 0.0778 0.657 0.000 0.0386 0.1081 1.38 0.000 0.0281 0.1328 3.1 0.000 0.0381 0.1472 2.69 0.000 0.0291 0.2624 3 0.000 0.0458 0.1309 2.4 0.000 0.0291 0.0713 0.243 0.000 0.03 0.3811 3.44 0.000
3 0.041 0.4254 3.99 0.000 0.0319 0.2743 2.33 0.000 0.031 0.2568 4.68 0.000 0.0267 0.0584 0.11 0.000 0.0291 0.3330 2.93 0.000 0.0386 0.2698 2.72 0.000 0.0343 0.2171 3.86 0.000 0.0401 0.1148 1.36 0.000
4 0.0381 0.1196 1.37 0.000 0.0324 0.1372 2.16 0.000 0.0348 0.1597 3.02 0.000 0.0339 0.2936 4.62 0.000 0.0367 0.2799 2.66 0.000 0.0353 0.1645 2.4 0.000 0.041 0.1249 2.55 0.000 0.0386 0.2998 4 0.000
5 0.0339 0.2468 3.44 0.000 0.0367 0.4147 3.79 0.000 0.0377 0.2094 8.09 0.000 0.03 0.3258 3.21 0.000 0.0343 0.5638 3.09 0.000 0.03 0.0897 0.509 0.000 0.0358 0.1921 5.77 0.000 0.0262 0.3896 3.06 0.000
6 0.0329 0.3261 5.85 0.000 0.0329 0.1316 2.48 0.000 0.0439 0.4168 4.98 0.000 0.0448 0.1078 2.64 0.000 0.0439 0.1142 0.634 0.000 0.03 0.2087 3.45 0.000 0.0362 0.1566 2.84 0.000 0.0329 0.4833 5.92 0.000
7 0.0329 0.2873 5.23 0.000 0.0243 0.2531 3.01 0.000 0.0362 0.1807 2.66 0.000 0.0339 0.1486 1.76 0.000 0.0429 0.2563 3.1 0.000 0.0334 0.2614 3 0.000 0.0372 0.3633 5.41 0.000 0.042 0.3017 3.44 0.000
8 0.0329 0.5190 4.44 0.000 0.0391 0.5426 6.08 0.000 0.0291 0.1508 2.55 0.000 0.0429 0.1500 3.2 0.000 0.03 0.1547 1.84 0.000 0.0319 0.2206 2.97 0.000 0.0329 0.1441 1.42 0.000 0.0372 0.2895 2.88 0.000
9 0.0362 0.0826 1.86 0.000 0.0281 0.2173 3.33 0.000 0.0401 0.1400 2.99 0.000 0.0319 0.3155 3.11 0.000 0.0429 0.1323 3.76 0.000 0.0329 0.2398 3.01 0.000 0.041 0.1612 2.31 0.000 0.0334 0.4317 5.07 0.000
10 0.0324 0.4513 3.02 0.000 0.0486 0.1361 2 0.000 0.0348 0.2113 2.51 0.000 0.051 0.1419 2.68 0.000 0.041 0.1062 2.97 0.000 0.031 0.3385 5.76 0.000 0.0401 0.2761 3.53 0.000 0.0463 0.1119 0.491 0.000
