trial  cont1a(Gbit/s) cont1b(Gbit/s) cont2a(Gbit/s) cont2b(Gbit/s) cont3a(Gbit/s) cont3b(Gbit/s) cont4a(Gbit/s) cont4b(Gbit/s) cont5a(Gbit/s) cont5b(Gbit/s) cont6a(Gbit/s) cont6b(Gbit/s) cont7a(Gbit/s) cont7b(Gbit/s) cont8a(Gbit/s) cont8b(Gbit/s)
1 0.232 0.232 0.227 0.227 0.231 0.231 0.216 0.216 0.225 0.225 0.241 0.241 0.233 0.233 0.213 0.213
2 0.226 0.226 0.234 0.234 0.249 0.249 0.226 0.226 0.221 0.221 0.231 0.231 0.236 0.236 0.260 0.260
3 0.216 0.216 0.264 0.264 0.227 0.227 0.238 0.238 0.213 0.213 0.263 0.263 0.237 0.237 0.236 0.236
4 0.215 0.215 0.223 0.223 0.244 0.244 0.269 0.269 0.218 0.218 0.250 0.250 0.232 0.232 0.219 0.219
5 0.223 0.223 0.241 0.241 0.225 0.225 0.254 0.254 0.225 0.225 0.238 0.238 0.265 0.265 0.249 0.249
6 0.221 0.221 0.235 0.235 0.222 0.222 0.232 0.232 0.269 0.269 0.240 0.240 0.232 0.232 0.236 0.236
7 0.232 0.232 0.264 0.264 0.223 0.223 0.257 0.257 0.260 0.260 0.218 0.218 0.262 0.262 0.232 0.232
8 0.236 0.236 0.217 0.217 0.247 0.247 0.245 0.245 0.263 0.263 0.233 0.233 0.232 0.232 0.242 0.242
9 0.244 0.244 0.232 0.232 0.233 0.233 0.249 0.249 0.217 0.217 0.232 0.232 0.251 0.251 0.239 0.239
10 0.219 0.219 0.249 0.249 0.263 0.263 0.247 0.247 0.263 0.263 0.233 0.233 0.244 0.244 0.222 0.222
