trial  pair1_min(ms) pair1_mean(ms) pair1_max(ms) pair1_loss(pct) pair2_min(ms) pair2_mean(ms) pair2_max(ms) pair2_loss(pct) pair3_min(ms) pair3_mean(ms) pair3_max(ms) pair3_loss(pct) pair4_min(ms) pair4_mean(ms) pair4_max(ms) pair4_loss(pct) pair5_min(ms) pair5_mean(ms) pair5_max(ms) pair5_loss(pct) pair6_min(ms) pair6_mean(ms) pair6_max(ms) pair6_loss(pct) pair7_min(ms) pair7_mean(ms) pair7_max(ms) pair7_loss(pct) pair8_min(ms) pair8_mean(ms) pair8_max(ms) pair8_loss(pct)
1 0.03 0.2732 4.32 0.000 0.041 0.2938 5.55 0.000 0.0281 0.5131 5.1 0.000 0.0439 0.3348 9.01 0.000 0.0453 0.1033 2.1 0.000 0.0348 0.4866 4.29 0.000 0.0281 0.2882 3.15 0.000 0.0401 0.2687 3 0.000
2 0.0319 0.1580 2.99 0.000 0.0272 0.1848 4.04 0.000 0.0372 0.1896 6.53 0.000 0.041 0.3276 8.62 0.000 0.0439 0.2573 9.87 0.000 0.042 0.2074 3 0.000 0.0291 0.2324 3.01 0.000 0.0439 0.2166 3.55 0.000
3 0.0339 0.2279 3.83 0.000 0.042 0.1921 2.55 0.000 0.0439 0.3269 4.57 0.000 0.0281 0.5182 5.64 0.000 0.0281 0.1650 2.56 0.000 0.0372 0.1296 4.66 0.000 0.042 0.4873 7.22 0.000 0.0267 0.3412 5.94 0.000
4 0.031 0.3496 3.51 0.000 0.0391 0.4745 5.59 0.000 0.0386 0.1715 3.41 0.000 0.0348 0.3218 8.49 0.000 0.0386 0.2784 6.2 0.000 0.0348 0.3349 4.47 0.000 0.0281 0.1766 2.7 0.000 0.0396 0.2934 3.02 0.000
5 0.0429 0.2796 5.04 0.000 0.031 0.2565 3.38 0.000 0.042 0.0877 1.66 0.000 0.0238 0.2155 5.01 0.000 0.03 0.4657 5.99 0.000 0.0348 0.1961 2.88 0.000 0.0353 0.2041 2.02 0.000 0.0291 0.1061 3.46 0.000
6 0.0377 0.7093 16 0.000 0.041 0.0980 2.16 0.000 0.0386 0.2546 4.09 0.000 0.031 0.2336 3.92 0.000 0.0439 0.1007 1.38 0.000 0.0334 0.2968 3.01 0.000 0.0348 0.1197 1.86 0.000 0.0348 0.7175 13.8 0.000
7 0.0281 0.4291 2.83 0.000 0.0334 0.2578 3.63 0.000 0.0401 0.2914 3.19 0.000 0.0377 0.2394 2.91 0.000 0.0391 0.1129 1.01 0.000 0.031 0.3580 3.01 0.000 0.0281 0.3582 3.02 0.000 0.0339 0.3393 4.12 0.000
8 0.0319 0.3468 5.73 0.000 0.0286 0.2987 2.58 0.000 0.0381 0.5037 16.5 0.000 0.0391 0.1363 1.41 0.000 0.041 0.1271 2.11 0.000 0.0339 0.0753 0.606 0.000 0.0439 0.2050 3.84 0.000 0.0329 0.2520 5.03 0.000
9 0.0391 0.2651 4.4 0.000 0.0381 0.1646 2.79 0.000 0.0381 0.3010 9.98 0.000 0.0319 0.2336 4.68 0.000 0.0324 0.2544 6.25 0.000 0.0319 0.1624 2.48 0.000 0.0377 0.2518 5.8 0.000 0.0329 0.3813 7.09 0.000
10 0.0367 0.6015 5.79 0.000 0.041 0.2393 4.27 0.000 0.0372 0.4769 4.87 0.000 0.0386 0.2012 3.36 0.000 0.0291 0.2215 2.41 0.000 0.0391 0.3134 3.53 0.000 0.0267 0.1746 3.68 0.000 0.042 0.2945 4.1 0.000
