trial  cont1a(Gbit/s) cont1b(Gbit/s) cont2a(Gbit/s) cont2b(Gbit/s) cont3a(Gbit/s) cont3b(Gbit/s) cont4a(Gbit/s) cont4b(Gbit/s) cont5a(Gbit/s) cont5b(Gbit/s) cont6a(Gbit/s) cont6b(Gbit/s) cont7a(Gbit/s) cont7b(Gbit/s) cont8a(Gbit/s) cont8b(Gbit/s)
1 0.282 0.282 0.252 0.252 0.259 0.259 0.253 0.253 0.247 0.247 0.267 0.267 0.277 0.277 0.273 0.273
2 0.263 0.263 0.249 0.249 0.262 0.262 0.264 0.264 0.259 0.259 0.278 0.278 0.239 0.239 0.265 0.265
3 0.248 0.248 0.271 0.271 0.266 0.266 0.240 0.240 0.270 0.270 0.261 0.261 0.260 0.260 0.256 0.256
4 0.258 0.258 0.253 0.253 0.276 0.276 0.258 0.258 0.265 0.265 0.249 0.249 0.263 0.263 0.243 0.243
5 0.275 0.275 0.256 0.256 0.265 0.265 0.266 0.266 0.260 0.260 0.262 0.262 0.251 0.251 0.279 0.279
6 0.250 0.250 0.267 0.267 0.246 0.246 0.293 0.293 0.268 0.268 0.284 0.284 0.281 0.281 0.269 0.269
7 0.302 0.302 0.273 0.273 0.246 0.246 0.260 0.260 0.272 0.272 0.252 0.252 0.278 0.278 0.247 0.247
8 0.266 0.266 0.260 0.260 0.248 0.248 0.268 0.268 0.256 0.256 0.272 0.272 0.254 0.254 0.267 0.267
9 0.247 0.247 0.272 0.272 0.253 0.253 0.285 0.285 0.285 0.285 0.272 0.272 0.254 0.254 0.255 0.255
10 0.254 0.254 0.255 0.255 0.276 0.276 0.265 0.265 0.287 0.287 0.284 0.284 0.257 0.257 0.269 0.269
