trial  pair1_min(ms) pair1_mean(ms) pair1_max(ms) pair1_loss(pct) pair2_min(ms) pair2_mean(ms) pair2_max(ms) pair2_loss(pct) pair3_min(ms) pair3_mean(ms) pair3_max(ms) pair3_loss(pct) pair4_min(ms) pair4_mean(ms) pair4_max(ms) pair4_loss(pct) pair5_min(ms) pair5_mean(ms) pair5_max(ms) pair5_loss(pct) pair6_min(ms) pair6_mean(ms) pair6_max(ms) pair6_loss(pct) pair7_min(ms) pair7_mean(ms) pair7_max(ms) pair7_loss(pct)
1 0.0401 0.4241 4.75 0.000 0.0372 0.1757 2.61 0.000 0.0281 0.1736 3.4 0.000 0.0257 0.3614 4.85 0.000 0.0272 0.2691 3.35 0.000 0.0319 0.3101 2.96 0.000 0.041 0.1142 1.99 0.000
2 0.0401 0.2094 2.93 0.000 0.051 0.1378 2.17 0.000 0.0286 0.2724 3.01 0.000 0.0291 0.1522 3.33 0.000 0.0367 0.0782 0.822 0.000 0.03 0.2654 6.22 0.000 0.031 0.2991 3.4 0.000
3 0.031 0.3176 4.01 0.000 0.0348 0.3635 3.88 0.000 0.0377 0.4031 5.67 0.000 0.0291 0.1818 4.88 0.000 0.0358 0.1613 1.89 0.000 0.0277 0.1097 2.77 0.000 0.042 0.1860 3.01 0.000
4 0.042 0.3238 3.01 0.000 0.041 0.3574 4.49 0.000 0.0429 0.3733 6.12 0.000 0.0377 0.5660 3.1 0.000 0.0401 0.3029 4.63 0.000 0.0372 0.2814 3.01 0.000 0.0253 0.2396 4.75 0.000
5 0.0329 0.1962 2.5 0.000 0.0334 0.3544 5.2 0.000 0.0401 0.2817 3.92 0.000 0.0329 0.4084 5.05 0.000 0.0358 0.2253 2.4 0.000 0.0343 0.2726 4.08 0.000 0.0329 0.5639 4.99 0.000
6 0.0362 0.2478 3.67 0.000 0.031 0.3417 3.01 0.000 0.0372 0.1724 3.3 0.000 0.0296 0.2843 5.5 0.000 0.0329 0.3039 3.74 0.000 0.041 0.2289 3.27 0.000 0.0334 0.2465 3.18 0.000
7 0.0319 0.2427 7.56 0.000 0.0291 0.2392 3 0.000 0.0286 0.1412 2.7 0.000 0.041 0.1265 2.41 0.000 0.03 0.3591 3.05 0.000 0.041 0.6076 6.77 0.000 0.0443 0.4965 10.7 0.000
8 0.0343 0.1406 2.95 0.000 0.0453 0.1592 2.89 0.000 0.0319 0.3996 5.23 0.000 0.0362 0.4091 3.04 0.000 0.0434 0.2012 2.24 0.000 0.0401 0.3759 3.89 0.000 0.0362 0.1213 2.03 0.000
9 0.0272 0.2553 4.28 0.000 0.03 0.1708 5.99 0.000 0.0319 0.3372 3.72 0.000 0.031 0.2681 3.23 0.000 0.041 0.1708 3.04 0.000 0.0448 0.2580 7.42 0.000 0.03 0.2238 2.93 0.000
10 0.0472 0.1710 2.48 0.000 0.0429 0.2146 3.72 0.000 0.0358 0.2344 3.62 0.000 0.0257 0.1454 3.02 0.000 0.03 0.1754 3.42 0.000 0.041 0.3070 2.96 0.000 0.0439 0.1863 3.47 0.000
