trial  cont1a(Gbit/s) cont1b(Gbit/s) cont2a(Gbit/s) cont2b(Gbit/s) cont3a(Gbit/s) cont3b(Gbit/s) cont4a(Gbit/s) cont4b(Gbit/s) cont5a(Gbit/s) cont5b(Gbit/s) cont6a(Gbit/s) cont6b(Gbit/s) cont7a(Gbit/s) cont7b(Gbit/s)
1 0.309 0.309 0.278 0.278 0.282 0.282 0.304 0.304 0.284 0.284 0.301 0.301 0.301 0.301
2 0.286 0.286 0.278 0.278 0.293 0.293 0.322 0.322 0.275 0.275 0.295 0.295 0.344 0.344
3 0.304 0.304 0.305 0.305 0.290 0.290 0.294 0.294 0.288 0.288 0.303 0.303 0.274 0.274
4 0.276 0.276 0.316 0.316 0.267 0.267 0.286 0.286 0.334 0.334 0.284 0.284 0.284 0.284
5 0.270 0.270 0.317 0.317 0.327 0.327 0.303 0.303 0.277 0.277 0.288 0.288 0.282 0.282
6 0.261 0.261 0.251 0.251 0.312 0.312 0.311 0.311 0.269 0.269 0.268 0.268 0.281 0.281
7 0.279 0.279 0.311 0.311 0.284 0.284 0.303 0.303 0.321 0.321 0.281 0.281 0.270 0.270
8 0.305 0.305 0.274 0.274 0.265 0.265 0.295 0.295 0.312 0.312 0.292 0.292 0.297 0.297
9 0.259 0.259 0.265 0.265 0.314 0.314 0.298 0.298 0.314 0.314 0.276 0.276 0.284 0.284
10 0.287 0.287 0.299 0.299 0.268 0.268 0.332 0.332 0.267 0.267 0.303 0.303 0.264 0.264
