trial  pair1_min(ms) pair1_mean(ms) pair1_max(ms) pair1_loss(pct) pair2_min(ms) pair2_mean(ms) pair2_max(ms) pair2_loss(pct) pair3_min(ms) pair3_mean(ms) pair3_max(ms) pair3_loss(pct) pair4_min(ms) pair4_mean(ms) pair4_max(ms) pair4_loss(pct) pair5_min(ms) pair5_mean(ms) pair5_max(ms) pair5_loss(pct) pair6_min(ms) pair6_mean(ms) pair6_max(ms) pair6_loss(pct) pair7_min(ms) pair7_mean(ms) pair7_max(ms) pair7_loss(pct) pair8_min(ms) pair8_mean(ms) pair8_max(ms) pair8_loss(pct)
1 0.0339 0.2899 2.91 0.000 0.0429 0.0865 0.216 0.000 0.0401 0.1572 3.46 0.000 0.0339 0.0917 1.26 0.000 0.0329 0.1199 1.17 0.000 0.0372 0.1283 5 0.000 0.0339 0.0839 2.02 0.000 0.0339 0.1178 2.07 0.000
2 0.041 0.1565 4.55 0.000 0.0372 0.1422 2.77 0.000 0.0248 0.1072 3 0.000 0.0296 0.2610 2.98 0.000 0.0401 0.2684 3.04 0.000 0.031 0.6160 3.03 0.000 0.0429 0.0644 0.0901 0.000 0.0391 0.2293 4.88 0.000
3 0.0358 0.1027 1.78 0.000 0.0429 0.2638 4.71 0.000 0.0358 0.2052 5.25 0.000 0.0381 0.4858 3.28 0.000 0.041 0.2875 4.05 0.000 0.03 0.2067 2.8 0.000 0.0372 0.2664 3.39 0.000 0.0367 0.4787 7.3 0.000
4 0.031 0.4492 4.86 0.000 0.031 0.3359 3 0.000 0.0291 0.2364 4 0.000 0.0339 0.4755 3.28 0.000 0.0281 0.4413 3.47 0.000 0.0277 0.3445 6.05 0.000 0.0362 0.3342 3.64 0.000 0.0453 0.1507 2.35 0.000
5 0.0291 0.1976 3.27 0.000 0.041 0.1197 2.22 0.000 0.0291 0.3318 3.77 0.000 0.0329 0.0740 1.29 0.000 0.0291 0.0704 0.286 0.000 0.0381 0.0633 0.118 0.000 0.0439 0.4386 5.7 0.000 0.0329 0.2281 2.93 0.000
6 0.0339 0.1765 3.03 0.000 0.0429 0.2155 2.58 0.000 0.0358 0.2931 3.58 0.000 0.0334 0.4026 4.33 0.000 0.0401 0.4344 3.32 0.000 0.0429 0.2579 2.69 0.000 0.0391 0.3798 5.71 0.000 0.0367 0.3622 7.93 0.000
7 0.0477 0.2893 3.56 0.000 0.0448 0.3786 3.06 0.000 0.0291 0.0680 0.25 0.000 0.042 0.2557 4.59 0.000 0.0448 0.1886 3.73 0.000 0.042 0.0799 0.508 0.000 0.0329 0.2258 5.69 0.000 0.0381 0.2495 4.99 0.000
8 0.0281 0.1001 1.49 0.000 0.0324 0.1729 2.71 0.000 0.0386 0.2265 2.03 0.000 0.0448 0.2043 3.47 0.000 0.052 0.2461 5.58 0.000 0.0329 0.1022 2.39 0.000 0.0277 0.2845 2.98 0.000 0.0329 0.2423 5.99 0.000
9 0.0339 0.3335 3.09 0.000 0.0362 0.1917 3.34 0.000 0.0291 0.2820 3.05 0.000 0.0362 0.2165 4.28 0.000 0.0453 0.1357 2.01 0.000 0.031 0.3012 3.06 0.000 0.0424 0.0833 0.5 0.000 0.0362 0.1983 3.17 0.000
10 0.0367 0.2392 3 0.000 0.031 0.1957 3.63 0.000 0.041 0.4616 8.05 0.000 0.0281 0.2240 6.75 0.000 0.0362 0.1626 2.32 0.000 0.0348 0.0738 0.323 0.000 0.0291 0.2804 2.9 0.000 0.0367 0.1189 1.5 0.000
