trial  cont1a(Gbit/s) cont1b(Gbit/s) cont2a(Gbit/s) cont2b(Gbit/s) cont3a(Gbit/s) cont3b(Gbit/s) cont4a(Gbit/s) cont4b(Gbit/s) cont5a(Gbit/s) cont5b(Gbit/s) cont6a(Gbit/s) cont6b(Gbit/s) cont7a(Gbit/s) cont7b(Gbit/s) cont8a(Gbit/s) cont8b(Gbit/s)
1 0.216 0.216 0.224 0.224 0.227 0.227 0.226 0.226 0.210 0.210 0.228 0.228 0.246 0.246 0.232 0.232
2 0.243 0.243 0.237 0.237 0.242 0.242 0.240 0.240 0.231 0.231 0.227 0.227 0.222 0.222 0.212 0.212
3 0.237 0.237 0.223 0.223 0.246 0.246 0.230 0.230 0.235 0.235 0.237 0.237 0.243 0.243 0.242 0.242
4 0.220 0.220 0.238 0.238 0.234 0.234 0.253 0.253 0.237 0.237 0.258 0.258 0.242 0.242 0.221 0.221
5 0.251 0.251 0.217 0.217 0.212 0.212 0.248 0.248 0.220 0.220 0.242 0.242 0.239 0.239 0.226 0.226
6 0.244 0.244 0.228 0.228 0.210 0.210 0.208 0.208 0.248 0.248 0.260 0.260 0.238 0.238 0.221 0.221
7 0.239 0.239 0.236 0.236 0.233 0.233 0.274 0.274 0.246 0.246 0.220 0.220 0.240 0.240 0.220 0.220
8 0.230 0.230 0.230 0.230 0.260 0.260 0.254 0.254 0.237 0.237 0.230 0.230 0.232 0.232 0.217 0.217
9 0.202 0.202 0.247 0.247 0.214 0.214 0.248 0.248 0.228 0.228 0.221 0.221 0.271 0.271 0.218 0.218
10 0.208 0.208 0.279 0.279 0.222 0.222 0.247 0.247 0.239 0.239 0.226 0.226 0.227 0.227 0.227 0.227
