trial  pair1_min(ms) pair1_mean(ms) pair1_max(ms) pair1_loss(pct) pair2_min(ms) pair2_mean(ms) pair2_max(ms) pair2_loss(pct) pair3_min(ms) pair3_mean(ms) pair3_max(ms) pair3_loss(pct)
1 0.03 0.1317 1.6 0.000 0.0391 0.1047 1.51 0.000 0.03 0.0558 0.229 0.000
2 0.03 0.0897 0.554 0.000 0.03 0.1572 2.87 0.000 0.0343 0.1010 1.01 0.000
3 0.0401 0.1461 2.3 0.000 0.0286 0.1424 2.35 0.000 0.031 0.1533 2.87 0.000
4 0.0267 0.0887 2.58 0.000 0.03 0.0717 0.431 0.000 0.031 0.1370 3.01 0.000
5 0.0319 0.0764 0.198 0.000 0.0391 0.1182 2.39 0.000 0.0343 0.1328 2.47 0.000
6 0.03 0.0846 0.284 0.000 0.0343 0.1389 1.8 0.000 0.031 0.0999 0.296 0.000
7 0.0319 0.1162 1.59 0.000 0.03 0.1406 3.6 0.000 0.0277 0.0834 0.275 0.000
8 0.0277 0.1159 3.06 0.000 0.031 0.0752 0.196 0.000 0.031 0.1146 3 0.000
9 0.031 0.1646 2.64 0.000 0.03 0.0892 0.303 0.000 0.031 0.1279 5.14 0.000
10 0.031 0.0924 1.48 0.000 0.0281 0.0796 0.225 0.000 0.03 0.0814 0.276 0.000
