trial  pair1_min(ms) pair1_mean(ms) pair1_max(ms) pair1_loss(pct) pair2_min(ms) pair2_mean(ms) pair2_max(ms) pair2_loss(pct) pair3_min(ms) pair3_mean(ms) pair3_max(ms) pair3_loss(pct) pair4_min(ms) pair4_mean(ms) pair4_max(ms) pair4_loss(pct) pair5_min(ms) pair5_mean(ms) pair5_max(ms) pair5_loss(pct) pair6_min(ms) pair6_mean(ms) pair6_max(ms) pair6_loss(pct)
1 0.0272 0.0862 0.496 0.000 0.031 0.1945 3.16 0.000 0.031 0.1086 2.07 0.000 0.0272 0.1384 2.45 0.000 0.0291 0.1162 2 0.000 0.0291 0.0691 0.315 0.000
2 0.0343 0.3137 6.01 0.000 0.0391 0.1955 4.86 0.000 0.0372 0.1956 3.84 0.000 0.0367 0.1562 2.57 0.000 0.0381 0.1024 1.62 0.000 0.0281 0.1476 1.85 0.000
3 0.0291 0.2234 5.1 0.000 0.0339 0.1211 2.13 0.000 0.0367 0.1546 2.63 0.000 0.0391 0.2487 5.48 0.000 0.0401 0.2186 4.24 0.000 0.0401 0.1157 1.24 0.000
4 0.0386 0.2862 5.28 0.000 0.0319 0.1980 3.01 0.000 0.0291 0.3126 5.95 0.000 0.0272 0.2365 2.99 0.000 0.031 0.2184 3.91 0.000 0.0319 0.1663 2.99 0.000
5 0.031 0.2993 2.76 0.000 0.0401 0.2124 1.67 0.000 0.0439 0.3101 4.92 0.000 0.0439 0.3480 6.43 0.000 0.0272 0.3749 4.37 0.000 0.051 0.2165 3.52 0.000
6 0.0448 0.2227 3.23 0.000 0.0348 0.2871 3.61 0.000 0.0439 0.2643 3.66 0.000 0.0277 0.1556 1.57 0.000 0.0381 0.2586 3.04 0.000 0.041 0.3939 7.65 0.000
7 0.0339 0.2876 3.13 0.000 0.0448 0.2298 2.45 0.000 0.0272 0.3543 3.59 0.000 0.0324 0.2469 3.71 0.000 0.0401 0.2721 2.93 0.000 0.0348 0.1355 3 0.000
8 0.031 0.1219 2.27 0.000 0.0386 0.1218 2.6 0.000 0.0448 0.1816 4.25 0.000 0.0339 0.1559 3.7 0.000 0.0482 0.1251 1.75 0.000 0.031 0.1658 4 0.000
9 0.0339 0.1943 2.98 0.000 0.0348 0.2594 3.01 0.000 0.0401 0.1603 2.22 0.000 0.031 0.3989 6.57 0.000 0.042 0.1568 2.71 0.000 0.0272 0.2002 2.97 0.000
10 0.0372 0.2772 3.1 0.000 0.042 0.0916 0.722 0.000 0.0277 0.0920 1.03 0.000 0.0391 0.2382 7.02 0.000 0.0267 0.3584 4.66 0.000 0.042 0.1703 4.6 0.000
