trial  cont1a(Gbit/s) cont1b(Gbit/s) cont2a(Gbit/s) cont2b(Gbit/s) cont3a(Gbit/s) cont3b(Gbit/s) cont4a(Gbit/s) cont4b(Gbit/s) cont5a(Gbit/s) cont5b(Gbit/s) cont6a(Gbit/s) cont6b(Gbit/s)
1 0.336 0.336 0.334 0.334 0.317 0.317 0.346 0.346 0.348 0.348 0.337 0.337
2 0.363 0.363 0.318 0.318 0.334 0.334 0.355 0.355 0.334 0.334 0.314 0.314
3 0.328 0.328 0.308 0.308 0.362 0.362 0.328 0.328 0.343 0.343 0.347 0.347
4 0.333 0.333 0.370 0.370 0.317 0.317 0.313 0.313 0.347 0.347 0.335 0.335
5 0.266 0.266 0.273 0.273 0.340 0.340 0.285 0.285 0.245 0.245 0.255 0.255
6 0.290 0.290 0.342 0.342 0.297 0.297 0.329 0.329 0.305 0.305 0.297 0.297
7 0.298 0.298 0.344 0.344 0.360 0.360 0.319 0.319 0.355 0.355 0.307 0.307
8 0.333 0.333 0.324 0.324 0.312 0.312 0.334 0.334 0.361 0.361 0.349 0.349
9 0.353 0.353 0.313 0.313 0.357 0.357 0.325 0.325 0.344 0.344 0.339 0.339
10 0.308 0.308 0.345 0.345 0.318 0.318 0.321 0.321 0.301 0.301 0.392 0.392
