trial  pair1_min(ms) pair1_mean(ms) pair1_max(ms) pair1_loss(pct) pair2_min(ms) pair2_mean(ms) pair2_max(ms) pair2_loss(pct) pair3_min(ms) pair3_mean(ms) pair3_max(ms) pair3_loss(pct) pair4_min(ms) pair4_mean(ms) pair4_max(ms) pair4_loss(pct) pair5_min(ms) pair5_mean(ms) pair5_max(ms) pair5_loss(pct)
1 0.0362 0.0722 0.227 0.000 0.0291 0.0971 2.8 0.000 0.0439 0.1310 3.01 0.000 0.0372 0.0939 0.708 0.000 0.0272 0.1103 3.29 0.000
2 0.0291 0.1483 3.22 0.000 0.0277 0.1746 4.11 0.000 0.03 0.1311 3.36 0.000 0.0319 0.2797 2.99 0.000 0.031 0.0974 1.56 0.000
3 0.0329 0.1770 2.62 0.000 0.042 0.1581 1.79 0.000 0.0329 0.1228 3.01 0.000 0.0329 0.2413 5.05 0.000 0.03 0.2718 4.37 0.000
4 0.0291 0.2191 3.99 0.000 0.031 0.0718 0.545 0.000 0.031 0.1753 2.92 0.000 0.0377 0.2310 6.83 0.000 0.03 0.0581 0.208 0.000
5 0.03 0.1169 1.8 0.000 0.0248 0.0995 0.227 0.000 0.0381 0.3468 3.09 0.000 0.042 0.1715 2.77 0.000 0.0281 0.1562 1.91 0.000
6 0.03 0.1583 3 0.000 0.0381 0.1581 3.01 0.000 0.0329 0.1208 3.28 0.000 0.0358 0.0647 0.131 0.000 0.041 0.2005 5.18 0.000
7 0.0277 0.2962 3.96 0.000 0.0291 0.1044 1.46 0.000 0.0277 0.1382 2.99 0.000 0.031 0.0764 0.649 0.000 0.031 0.0642 0.194 0.000
8 0.0319 0.3725 5.43 0.000 0.0343 0.1766 3.01 0.000 0.0353 0.0844 0.812 0.000 0.0348 0.1185 2.73 0.000 0.0348 0.2256 5.2 0.000
9 0.0343 0.1760 3.99 0.000 0.031 0.1986 2.99 0.000 0.0319 0.1442 2.74 0.000 0.0319 0.0960 0.243 0.000 0.0358 0.0624 0.229 0.000
10 0.0291 0.0923 1.84 0.000 0.0324 0.1395 4.07 0.000 0.0367 0.1418 1.94 0.000 0.0286 0.1148 2.09 0.000 0.0291 0.0929 2.87 0.000
