trial  cont1a(Gbit/s) cont1b(Gbit/s) cont2a(Gbit/s) cont2b(Gbit/s) cont3a(Gbit/s) cont3b(Gbit/s) cont4a(Gbit/s) cont4b(Gbit/s) cont5a(Gbit/s) cont5b(Gbit/s)
1 0.358 0.358 0.400 0.400 0.354 0.354 0.345 0.345 0.343 0.343
2 0.320 0.320 0.416 0.416 0.349 0.349 0.322 0.322 0.372 0.372
3 0.373 0.373 0.373 0.373 0.344 0.344 0.356 0.356 0.404 0.404
4 0.354 0.354 0.348 0.348 0.384 0.384 0.376 0.376 0.366 0.366
5 0.376 0.376 0.409 0.409 0.352 0.352 0.380 0.380 0.340 0.340
6 0.386 0.386 0.332 0.332 0.374 0.374 0.366 0.366 0.365 0.365
7 0.348 0.348 0.404 0.404 0.345 0.345 0.338 0.338 0.400 0.400
8 0.349 0.349 0.383 0.383 0.361 0.361 0.382 0.382 0.379 0.379
9 0.359 0.359 0.338 0.338 0.325 0.325 0.385 0.385 0.378 0.378
10 0.351 0.351 0.329 0.329 0.339 0.339 0.417 0.417 0.398 0.398
