trial  pair1_min(ms) pair1_mean(ms) pair1_max(ms) pair1_loss(pct) pair2_min(ms) pair2_mean(ms) pair2_max(ms) pair2_loss(pct) pair3_min(ms) pair3_mean(ms) pair3_max(ms) pair3_loss(pct) pair4_min(ms) pair4_mean(ms) pair4_max(ms) pair4_loss(pct) pair5_min(ms) pair5_mean(ms) pair5_max(ms) pair5_loss(pct)
1 0.031 0.1501 3.07 0.000 0.0339 0.1169 3.03 0.000 0.0281 0.2586 2.73 0.000 0.031 0.0999 2.71 0.000 0.0377 0.0785 0.245 0.000
2 0.0319 0.1378 2.54 0.000 0.0381 0.1008 2.13 0.000 0.0401 0.0990 2.52 0.000 0.041 0.1017 2.29 0.000 0.0453 0.1253 2.41 0.000
3 0.0291 0.1358 3.73 0.000 0.0348 0.1189 2.42 0.000 0.0291 0.0789 0.432 0.000 0.0291 0.2033 2.74 0.000 0.03 0.0824 1.17 0.000
4 0.0319 0.1642 2.67 0.000 0.041 0.1814 6 0.000 0.0439 0.1413 2.96 0.000 0.031 0.1722 2.99 0.000 0.0281 0.1057 0.812 0.000
5 0.0343 0.1544 1.6 0.000 0.0329 0.0862 0.324 0.000 0.0401 0.1833 2.67 0.000 0.0291 0.1102 3 0.000 0.0353 0.1215 3.05 0.000
6 0.0319 0.0793 0.231 0.000 0.0372 0.1093 2.67 0.000 0.0291 0.1693 4.76 0.000 0.0372 0.1227 3.81 0.000 0.0429 0.2582 6.01 0.000
7 0.0405 0.1237 2.17 0.000 0.03 0.2879 4.06 0.000 0.031 0.0930 1.44 0.000 0.0339 0.2217 3.08 0.000 0.0439 0.1427 3.01 0.000
8 0.0267 0.0593 0.148 0.000 0.0291 0.4137 5.7 0.000 0.0334 0.1348 2.33 0.000 0.0319 0.1400 1.92 0.000 0.0391 0.1344 2.32 0.000
9 0.03 0.1146 3.28 0.000 0.0319 0.2354 3.02 0.000 0.03 0.3137 3.06 0.000 0.0329 0.2102 3.02 0.000 0.0329 0.1109 2.19 0.000
10 0.03 0.1757 3 0.000 0.041 0.1068 0.35 0.000 0.0362 0.2283 4.23 0.000 0.031 0.1020 3 0.000 0.0257 0.1066 2.71 0.000
