trial  cont1a(Gbit/s) cont1b(Gbit/s) cont2a(Gbit/s) cont2b(Gbit/s) cont3a(Gbit/s) cont3b(Gbit/s) cont4a(Gbit/s) cont4b(Gbit/s) cont5a(Gbit/s) cont5b(Gbit/s)
1 0.373 0.373 0.321 0.321 0.372 0.372 0.420 0.420 0.339 0.339
2 0.362 0.362 0.361 0.361 0.401 0.401 0.322 0.322 0.386 0.386
3 0.330 0.330 0.405 0.405 0.331 0.331 0.348 0.348 0.420 0.420
4 0.369 0.369 0.382 0.382 0.334 0.334 0.365 0.365 0.373 0.373
5 0.400 0.400 0.340 0.340 0.337 0.337 0.328 0.328 0.414 0.414
6 0.353 0.353 0.361 0.361 0.334 0.334 0.392 0.392 0.395 0.395
7 0.393 0.393 0.368 0.368 0.356 0.356 0.354 0.354 0.355 0.355
8 0.333 0.333 0.357 0.357 0.365 0.365 0.385 0.385 0.397 0.397
9 0.376 0.376 0.413 0.413 0.346 0.346 0.376 0.376 0.384 0.384
10 0.364 0.364 0.355 0.355 0.351 0.351 0.364 0.364 0.385 0.385
