trial  pair1_min(ms) pair1_mean(ms) pair1_max(ms) pair1_loss(pct) pair2_min(ms) pair2_mean(ms) pair2_max(ms) pair2_loss(pct) pair3_min(ms) pair3_mean(ms) pair3_max(ms) pair3_loss(pct) pair4_min(ms) pair4_mean(ms) pair4_max(ms) pair4_loss(pct) pair5_min(ms) pair5_mean(ms) pair5_max(ms) pair5_loss(pct) pair6_min(ms) pair6_mean(ms) pair6_max(ms) pair6_loss(pct)
1 0.0334 0.1244 3.01 0.000 0.0443 0.0876 1.22 0.000 0.031 0.0997 1.69 0.000 0.0401 0.1918 5 0.000 0.031 0.1382 2.74 0.000 0.03 0.1642 4.57 0.000
2 0.031 0.1120 0.313 0.000 0.0401 0.1988 2.99 0.000 0.0367 0.1765 3 0.000 0.03 0.0923 1.44 0.000 0.0353 0.1344 4.35 0.000 0.03 0.1421 2.94 0.000
3 0.0401 0.1680 2.99 0.000 0.03 0.1475 2.73 0.000 0.031 0.1951 3 0.000 0.0291 0.2162 3.54 0.000 0.0277 0.1630 2.64 0.000 0.031 0.1318 2.15 0.000
4 0.0362 0.2654 2.67 0.000 0.0362 0.2857 2.99 0.000 0.0296 0.2151 3 0.000 0.041 0.1825 3.02 0.000 0.0281 0.1199 1.77 0.000 0.042 0.1404 2.99 0.000
5 0.0329 0.2472 3.04 0.000 0.031 0.1553 2.73 0.000 0.0339 0.1216 1.5 0.000 0.0248 0.0927 0.981 0.000 0.0391 0.0783 0.4 0.000 0.031 0.1583 2.69 0.000
6 0.0386 0.2612 4.72 0.000 0.0362 0.1479 3.97 0.000 0.0238 0.1899 3.01 0.000 0.0367 0.1658 3.5 0.000 0.0329 0.2176 3.29 0.000 0.0429 0.1616 4.23 0.000
7 0.041 0.2403 4.21 0.000 0.0339 0.1707 4.35 0.000 0.0391 0.1489 2.73 0.000 0.0343 0.1378 2.63 0.000 0.0319 0.1088 2.04 0.000 0.031 0.1244 2.43 0.000
8 0.021 0.2226 2.68 0.000 0.0277 0.1295 2.31 0.000 0.0319 0.0942 2.23 0.000 0.0391 0.1634 2.17 0.000 0.0358 0.1729 5.26 0.000 0.03 0.2503 2.78 0.000
9 0.03 0.2830 5.06 0.000 0.031 0.1578 2.67 0.000 0.03 0.0897 1.74 0.000 0.0329 0.1164 3 0.000 0.0381 0.1490 4.44 0.000 0.03 0.1507 3.06 0.000
10 0.0381 0.1575 3 0.000 0.0281 0.2875 3.01 0.000 0.0372 0.2740 6.01 0.000 0.0291 0.1191 2.32 0.000 0.0362 0.1173 1.75 0.000 0.03 0.2545 3.06 0.000
