trial  cont1a(Gbit/s) cont1b(Gbit/s) cont2a(Gbit/s) cont2b(Gbit/s) cont3a(Gbit/s) cont3b(Gbit/s) cont4a(Gbit/s) cont4b(Gbit/s) cont5a(Gbit/s) cont5b(Gbit/s) cont6a(Gbit/s) cont6b(Gbit/s)
1 0.324 0.324 0.322 0.322 0.303 0.303 0.307 0.307 0.311 0.311 0.316 0.316
2 0.316 0.316 0.307 0.307 0.311 0.311 0.310 0.310 0.329 0.329 0.329 0.329
3 0.313 0.313 0.303 0.303 0.307 0.307 0.318 0.318 0.307 0.307 0.303 0.303
4 0.355 0.355 0.291 0.291 0.300 0.300 0.303 0.303 0.364 0.364 0.297 0.297
5 0.313 0.313 0.323 0.323 0.320 0.320 0.295 0.295 0.272 0.272 0.303 0.303
6 0.276 0.276 0.318 0.318 0.312 0.312 0.335 0.335 0.344 0.344 0.278 0.278
7 0.335 0.335 0.302 0.302 0.298 0.298 0.354 0.354 0.285 0.285 0.296 0.296
8 0.324 0.324 0.296 0.296 0.333 0.333 0.314 0.314 0.292 0.292 0.310 0.310
9 0.286 0.286 0.303 0.303 0.296 0.296 0.337 0.337 0.347 0.347 0.295 0.295
10 0.288 0.288 0.309 0.309 0.323 0.323 0.316 0.316 0.299 0.299 0.314 0.314
