trial  pair1_min(ms) pair1_mean(ms) pair1_max(ms) pair1_loss(pct) pair2_min(ms) pair2_mean(ms) pair2_max(ms) pair2_loss(pct) pair3_min(ms) pair3_mean(ms) pair3_max(ms) pair3_loss(pct) pair4_min(ms) pair4_mean(ms) pair4_max(ms) pair4_loss(pct)
1 0.0281 0.0551 0.169 0.000 0.0329 0.0501 0.0982 0.000 0.0353 0.0593 0.187 0.000 0.0257 0.0585 0.267 0.000
2 0.03 0.0997 2.35 0.000 0.0319 0.1427 5.9 0.000 0.0329 0.0905 2.49 0.000 0.031 0.1574 1.44 0.000
3 0.0329 0.0651 0.31 0.000 0.0291 0.0785 0.369 0.000 0.03 0.0733 1.08 0.000 0.0291 0.0990 1 0.000
4 0.031 0.0783 0.234 0.000 0.0267 0.0784 0.257 0.000 0.0291 0.0647 0.22 0.000 0.0324 0.0734 0.215 0.000
5 0.0315 0.1010 0.24 0.000 0.0281 0.0545 0.0801 0.000 0.0291 0.0507 0.197 0.000 0.0296 0.0543 0.146 0.000
6 0.0401 0.1360 1.5 0.000 0.031 0.1342 2.41 0.000 0.0329 0.0571 0.108 0.000 0.0319 0.1086 2.37 0.000
7 0.0319 0.0924 0.232 0.000 0.0329 0.0632 0.229 0.000 0.0377 0.1259 1.58 0.000 0.031 0.0690 0.224 0.000
8 0.0262 0.0865 1.8 0.000 0.03 0.0560 0.0877 0.000 0.0377 0.0795 0.273 0.000 0.0277 0.0547 0.205 0.000
9 0.0281 0.0627 0.154 0.000 0.03 0.0558 0.205 0.000 0.0291 0.0543 0.121 0.000 0.0319 0.0903 0.949 0.000
10 0.0291 0.0614 0.241 0.000 0.0329 0.1557 3.81 0.000 0.0267 0.0754 0.229 0.000 0.0267 0.1648 2.23 0.000
