trial  cont1a(Gbit/s) cont1b(Gbit/s) cont2a(Gbit/s) cont2b(Gbit/s) cont3a(Gbit/s) cont3b(Gbit/s) cont4a(Gbit/s) cont4b(Gbit/s)
1 0.451 0.451 0.452 0.452 0.457 0.457 0.458 0.458
2 0.462 0.462 0.458 0.458 0.439 0.439 0.457 0.457
3 0.453 0.453 0.450 0.450 0.452 0.452 0.454 0.454
4 0.447 0.447 0.457 0.457 0.454 0.454 0.458 0.458
5 0.457 0.457 0.451 0.451 0.457 0.457 0.453 0.453
6 0.461 0.461 0.469 0.469 0.454 0.454 0.464 0.464
7 0.451 0.451 0.456 0.456 0.444 0.444 0.452 0.452
8 0.453 0.453 0.449 0.449 0.462 0.462 0.453 0.453
9 0.452 0.452 0.452 0.452 0.454 0.454 0.460 0.460
10 0.438 0.438 0.465 0.465 0.475 0.475 0.447 0.447
