trial  pair1_min(ms) pair1_mean(ms) pair1_max(ms) pair1_loss(pct) pair2_min(ms) pair2_mean(ms) pair2_max(ms) pair2_loss(pct)
1 0.0386 0.0682 0.177 0.000 0.031 0.0790 0.215 0.000
2 0.0339 0.0752 0.241 0.000 0.0381 0.0954 0.226 0.000
3 0.031 0.0868 1.94 0.000 0.0348 0.1330 3.1 0.000
4 0.0329 0.0630 0.145 0.000 0.0334 0.0952 0.233 0.000
5 0.0353 0.0906 2.71 0.000 0.0339 0.0868 0.209 0.000
6 0.0434 0.0943 0.22 0.000 0.0319 0.0602 0.111 0.000
7 0.0377 0.0837 0.24 0.000 0.0401 0.0738 0.201 0.000
8 0.0381 0.0688 0.209 0.000 0.0343 0.0984 2.45 0.000
9 0.0358 0.0666 0.227 0.000 0.0358 0.0645 0.14 0.000
10 0.031 0.0625 0.198 0.000 0.0319 0.0574 0.0968 0.000
