trial  pair1_min(ms) pair1_mean(ms) pair1_max(ms) pair1_loss(pct) pair2_min(ms) pair2_mean(ms) pair2_max(ms) pair2_loss(pct) pair3_min(ms) pair3_mean(ms) pair3_max(ms) pair3_loss(pct) pair4_min(ms) pair4_mean(ms) pair4_max(ms) pair4_loss(pct) pair5_min(ms) pair5_mean(ms) pair5_max(ms) pair5_loss(pct) pair6_min(ms) pair6_mean(ms) pair6_max(ms) pair6_loss(pct) pair7_min(ms) pair7_mean(ms) pair7_max(ms) pair7_loss(pct) pair8_min(ms) pair8_mean(ms) pair8_max(ms) pair8_loss(pct)
1 0.0319 0.2628 3.56 0.000 0.0353 0.1490 4.86 0.000 0.041 0.0670 0.146 0.000 0.041 0.1283 1.44 0.000 0.031 0.3433 3.01 0.000 0.03 0.3050 3.01 0.000 0.0348 0.0751 0.243 0.000 0.031 0.2521 3 0.000
2 0.0358 0.2656 2.75 0.000 0.031 0.0782 0.208 0.000 0.03 0.1879 2.93 0.000 0.0329 0.3958 7.34 0.000 0.042 0.0728 0.279 0.000 0.0362 0.2480 4.91 0.000 0.0238 0.4266 6.95 0.000 0.03 0.2159 2.76 0.000
3 0.0429 0.1182 1.73 0.000 0.03 0.2409 3.03 0.000 0.0339 0.3775 7.72 0.000 0.0448 0.2221 3.11 0.000 0.031 0.1997 4.13 0.000 0.0401 0.1172 2.11 0.000 0.042 0.1341 2.32 0.000 0.0377 0.1492 3.54 0.000
4 0.0319 0.3164 2.97 0.000 0.0372 0.2701 8.77 0.000 0.0291 0.4421 3 0.000 0.0286 0.1076 1.37 0.000 0.0319 0.2057 3.02 0.000 0.0324 0.2670 3 0.000 0.0381 0.3790 3.03 0.000 0.0319 0.1536 2.85 0.000
5 0.031 0.1489 5.5 0.000 0.0434 0.2410 4.52 0.000 0.0381 0.3077 5.85 0.000 0.0362 0.4165 5.32 0.000 0.0319 0.0867 1.83 0.000 0.0372 0.2451 3.36 0.000 0.0348 0.2626 2.7 0.000 0.03 0.0588 0.0815 0.000
6 0.0367 0.2423 2.7 0.000 0.0401 0.1752 2.36 0.000 0.0372 0.2787 4.28 0.000 0.0329 0.1563 2.93 0.000 0.0267 0.1902 2.71 0.000 0.042 0.2938 3.16 0.000 0.041 0.1092 1.69 0.000 0.0248 0.2648 4 0.000
7 0.0343 0.2331 3.3 0.000 0.0448 0.5811 3.65 0.000 0.0396 0.0695 0.538 0.000 0.042 0.1575 1.88 0.000 0.0319 0.2101 2.86 0.000 0.0329 0.1681 2.87 0.000 0.0401 0.2392 2.86 0.000 0.0286 0.2906 3.63 0.000
8 0.0291 0.1120 1.7 0.000 0.0362 0.2300 2.75 0.000 0.0334 0.1670 3.45 0.000 0.031 0.2114 2.53 0.000 0.0272 0.3814 6.49 0.000 0.031 0.1279 3.94 0.000 0.031 0.4706 5.39 0.000 0.0277 0.0563 0.093 0.000
9 0.0319 0.1271 2.7 0.000 0.0401 0.3671 3.69 0.000 0.0281 0.3804 3.06 0.000 0.03 0.3067 2.96 0.000 0.0262 0.3326 3.72 0.000 0.0353 0.4667 6.26 0.000 0.0358 0.4604 7.37 0.000 0.03 0.2240 4.81 0.000
10 0.031 0.1023 2.36 0.000 0.0281 0.2981 6.29 0.000 0.041 0.1472 3.02 0.000 0.0358 0.4369 7.32 0.000 0.0291 0.5761 5.21 0.000 0.0377 0.4238 5.34 0.000 0.0343 0.3194 3.74 0.000 0.0286 0.1859 3.21 0.000
