trial  cont1a(Gbit/s) cont1b(Gbit/s) cont2a(Gbit/s) cont2b(Gbit/s) cont3a(Gbit/s) cont3b(Gbit/s) cont4a(Gbit/s) cont4b(Gbit/s) cont5a(Gbit/s) cont5b(Gbit/s) cont6a(Gbit/s) cont6b(Gbit/s) cont7a(Gbit/s) cont7b(Gbit/s) cont8a(Gbit/s) cont8b(Gbit/s)
1 0.240 0.240 0.215 0.215 0.266 0.266 0.225 0.225 0.230 0.230 0.230 0.230 0.236 0.236 0.204 0.204
2 0.223 0.223 0.223 0.223 0.219 0.219 0.244 0.244 0.212 0.212 0.222 0.222 0.248 0.248 0.239 0.239
3 0.229 0.229 0.238 0.238 0.224 0.224 0.232 0.232 0.228 0.228 0.216 0.216 0.248 0.248 0.236 0.236
4 0.234 0.234 0.217 0.217 0.231 0.231 0.217 0.217 0.216 0.216 0.251 0.251 0.240 0.240 0.232 0.232
5 0.238 0.238 0.229 0.229 0.226 0.226 0.243 0.243 0.209 0.209 0.219 0.219 0.223 0.223 0.226 0.226
6 0.228 0.228 0.243 0.243 0.219 0.219 0.273 0.273 0.232 0.232 0.215 0.215 0.236 0.236 0.219 0.219
7 0.250 0.250 0.218 0.218 0.204 0.204 0.238 0.238 0.226 0.226 0.227 0.227 0.255 0.255 0.241 0.241
8 0.234 0.234 0.225 0.225 0.212 0.212 0.231 0.231 0.233 0.233 0.216 0.216 0.216 0.216 0.233 0.233
9 0.245 0.245 0.246 0.246 0.217 0.217 0.222 0.222 0.268 0.268 0.235 0.235 0.238 0.238 0.219 0.219
10 0.233 0.233 0.213 0.213 0.232 0.232 0.231 0.231 0.256 0.256 0.228 0.228 0.228 0.228 0.239 0.239
