trial  pair1_min(ms) pair1_mean(ms) pair1_max(ms) pair1_loss(pct) pair2_min(ms) pair2_mean(ms) pair2_max(ms) pair2_loss(pct) pair3_min(ms) pair3_mean(ms) pair3_max(ms) pair3_loss(pct) pair4_min(ms) pair4_mean(ms) pair4_max(ms) pair4_loss(pct) pair5_min(ms) pair5_mean(ms) pair5_max(ms) pair5_loss(pct)
1 0.0339 0.0790 0.215 0.000 0.0319 0.0886 1.34 0.000 0.0281 0.1706 3 0.000 0.031 0.3144 4.01 0.000 0.0319 0.0994 2.11 0.000
2 0.0281 0.1337 2.04 0.000 0.0329 0.3677 3.01 0.000 0.031 0.1213 1.42 0.000 0.0453 0.0861 0.374 0.000 0.031 0.0731 0.199 0.000
3 0.0286 0.1152 2.01 0.000 0.0401 0.1681 4.18 0.000 0.0329 0.1870 4.56 0.000 0.0319 0.1792 3.16 0.000 0.03 0.1628 5.7 0.000
4 0.042 0.1246 1.69 0.000 0.0272 0.0971 1.76 0.000 0.0329 0.1145 1.54 0.000 0.0334 0.1597 2.36 0.000 0.0401 0.1097 1.34 0.000
5 0.0358 0.1119 2.09 0.000 0.031 0.4162 5.81 0.000 0.0319 0.2660 3.59 0.000 0.0377 0.1014 1.24 0.000 0.0267 0.1448 2.76 0.000
6 0.0319 0.1664 3.01 0.000 0.0343 0.0925 1.38 0.000 0.0362 0.2795 3.01 0.000 0.0358 0.0687 0.306 0.000 0.031 0.1289 2.02 0.000
7 0.031 0.1679 3 0.000 0.031 0.2116 3.01 0.000 0.03 0.0960 2.39 0.000 0.0381 0.2166 6.62 0.000 0.0348 0.3769 3.05 0.000
8 0.0367 0.0610 0.149 0.000 0.03 0.3188 3.56 0.000 0.0291 0.4234 6 0.000 0.0358 0.1531 3 0.000 0.041 0.1652 6.02 0.000
9 0.0329 0.2302 3.02 0.000 0.0401 0.1043 2.12 0.000 0.0381 0.1106 1.65 0.000 0.0348 0.2014 4.72 0.000 0.0339 0.0848 0.539 0.000
10 0.0277 0.1460 3 0.000 0.042 0.1370 2.06 0.000 0.031 0.0864 1.4 0.000 0.0272 0.2043 2.29 0.000 0.0334 0.1143 0.926 0.000
