trial  cont1a(Gbit/s) cont1b(Gbit/s) cont2a(Gbit/s) cont2b(Gbit/s) cont3a(Gbit/s) cont3b(Gbit/s) cont4a(Gbit/s) cont4b(Gbit/s) cont5a(Gbit/s) cont5b(Gbit/s)
1 0.379 0.379 0.334 0.334 0.388 0.388 0.359 0.359 0.384 0.384
2 0.393 0.393 0.349 0.349 0.329 0.329 0.410 0.410 0.350 0.350
3 0.376 0.376 0.349 0.349 0.392 0.392 0.368 0.368 0.392 0.392
4 0.392 0.392 0.347 0.347 0.402 0.402 0.335 0.335 0.351 0.351
5 0.386 0.386 0.375 0.375 0.361 0.361 0.356 0.356 0.363 0.363
6 0.357 0.357 0.390 0.390 0.360 0.360 0.412 0.412 0.349 0.349
7 0.356 0.356 0.344 0.344 0.385 0.385 0.408 0.408 0.397 0.397
8 0.386 0.386 0.375 0.375 0.344 0.344 0.375 0.375 0.401 0.401
9 0.342 0.342 0.381 0.381 0.380 0.380 0.319 0.319 0.400 0.400
10 0.330 0.330 0.405 0.405 0.339 0.339 0.338 0.338 0.424 0.424
