trial  pair1_min(ms) pair1_mean(ms) pair1_max(ms) pair1_loss(pct) pair2_min(ms) pair2_mean(ms) pair2_max(ms) pair2_loss(pct) pair3_min(ms) pair3_mean(ms) pair3_max(ms) pair3_loss(pct) pair4_min(ms) pair4_mean(ms) pair4_max(ms) pair4_loss(pct) pair5_min(ms) pair5_mean(ms) pair5_max(ms) pair5_loss(pct) pair6_min(ms) pair6_mean(ms) pair6_max(ms) pair6_loss(pct) pair7_min(ms) pair7_mean(ms) pair7_max(ms) pair7_loss(pct)
1 0.0291 0.1010 2.09 0.000 0.0329 0.1443 3.82 0.000 0.031 0.1213 4.97 0.000 0.0296 0.2611 3.94 0.000 0.0291 0.2687 3.33 0.000 0.0319 0.0999 1.76 0.000 0.042 0.2843 3.02 0.000
2 0.0348 0.1668 2.56 0.000 0.0358 0.1865 6.39 0.000 0.0377 0.1216 2.2 0.000 0.0339 0.0723 0.463 0.000 0.0281 0.1131 2.2 0.000 0.0401 0.1016 0.805 0.000 0.0343 0.1118 2.04 0.000
3 0.031 0.2510 3.95 0.000 0.0401 0.1543 2.71 0.000 0.0319 0.1652 3.38 0.000 0.042 0.1335 1.42 0.000 0.031 0.2028 2.92 0.000 0.0324 0.2677 5.67 0.000 0.0291 0.0877 1.02 0.000
4 0.0262 0.2849 2.74 0.000 0.0315 0.1546 2.23 0.000 0.0372 0.3476 3.11 0.000 0.0267 0.3381 3.41 0.000 0.041 0.2593 3.17 0.000 0.042 0.2605 4.25 0.000 0.0358 0.1321 1.92 0.000
5 0.0319 0.1894 4.44 0.000 0.042 0.1951 3.1 0.000 0.0329 0.3654 4.33 0.000 0.041 0.2534 3.04 0.000 0.0458 0.1383 2.17 0.000 0.0439 0.2813 3.32 0.000 0.0353 0.1971 3.01 0.000
6 0.0334 0.0880 0.242 0.000 0.0262 0.0796 0.439 0.000 0.0353 0.2549 3.02 0.000 0.041 0.0996 1.49 0.000 0.0319 0.1728 3.07 0.000 0.0386 0.0887 0.433 0.000 0.0453 0.1319 2.77 0.000
7 0.0439 0.1580 2.86 0.000 0.0458 0.1610 2.47 0.000 0.0348 0.1056 1.22 0.000 0.042 0.3112 3.22 0.000 0.0391 0.2003 2.56 0.000 0.03 0.0759 0.492 0.000 0.0362 0.2809 3 0.000
8 0.0319 0.2479 3.71 0.000 0.0439 0.2809 2.73 0.000 0.0296 0.0967 2.1 0.000 0.0353 0.0920 1.31 0.000 0.0362 0.0938 1.67 0.000 0.0262 0.1709 2.15 0.000 0.0377 0.3548 4.5 0.000
9 0.031 0.2043 5.17 0.000 0.0401 0.3421 3.88 0.000 0.0291 0.0917 0.884 0.000 0.0391 0.0699 0.644 0.000 0.0343 0.1183 2.09 0.000 0.0339 0.3295 4.13 0.000 0.031 0.2994 3.83 0.000
10 0.031 0.4390 4.83 0.000 0.0391 0.2462 2.6 0.000 0.0248 0.1140 2.73 0.000 0.0362 0.1945 2.33 0.000 0.0339 0.1552 4.54 0.000 0.0343 0.2668 2.99 0.000 0.041 0.0887 0.808 0.000
