trial  cont1a(Gbit/s) cont1b(Gbit/s) cont2a(Gbit/s) cont2b(Gbit/s) cont3a(Gbit/s) cont3b(Gbit/s) cont4a(Gbit/s) cont4b(Gbit/s) cont5a(Gbit/s) cont5b(Gbit/s) cont6a(Gbit/s) cont6b(Gbit/s) cont7a(Gbit/s) cont7b(Gbit/s)
1 0.262 0.262 0.258 0.258 0.249 0.249 0.261 0.261 0.254 0.254 0.265 0.265 0.272 0.272
2 0.293 0.293 0.240 0.240 0.271 0.271 0.269 0.269 0.258 0.258 0.249 0.249 0.234 0.234
3 0.250 0.250 0.265 0.265 0.252 0.252 0.260 0.260 0.268 0.268 0.255 0.255 0.260 0.260
4 0.244 0.244 0.281 0.281 0.272 0.272 0.264 0.264 0.247 0.247 0.280 0.280 0.262 0.262
5 0.269 0.269 0.269 0.269 0.268 0.268 0.283 0.283 0.262 0.262 0.260 0.260 0.256 0.256
6 0.250 0.250 0.279 0.279 0.226 0.226 0.270 0.270 0.256 0.256 0.267 0.267 0.263 0.263
7 0.276 0.276 0.238 0.238 0.257 0.257 0.238 0.238 0.289 0.289 0.251 0.251 0.268 0.268
8 0.297 0.297 0.257 0.257 0.272 0.272 0.275 0.275 0.259 0.259 0.269 0.269 0.255 0.255
9 0.259 0.259 0.256 0.256 0.267 0.267 0.257 0.257 0.289 0.289 0.251 0.251 0.265 0.265
10 0.263 0.263 0.261 0.261 0.287 0.287 0.256 0.256 0.257 0.257 0.261 0.261 0.298 0.298
