trial  pair1_min(ms) pair1_mean(ms) pair1_max(ms) pair1_loss(pct) pair2_min(ms) pair2_mean(ms) pair2_max(ms) pair2_loss(pct) pair3_min(ms) pair3_mean(ms) pair3_max(ms) pair3_loss(pct) pair4_min(ms) pair4_mean(ms) pair4_max(ms) pair4_loss(pct)
1 0.03 0.0551 0.226 0.000 0.0319 0.0753 0.206 0.000 0.0267 0.0926 1.89 0.000 0.0319 0.0676 0.735 0.000
2 0.0319 0.0600 0.28 0.000 0.0319 0.0629 0.232 0.000 0.0267 0.0727 0.22 0.000 0.0291 0.1098 1.83 0.000
3 0.031 0.0796 0.402 0.000 0.031 0.1201 3.05 0.000 0.0291 0.0795 0.212 0.000 0.031 0.0652 0.202 0.000
4 0.031 0.1090 1.74 0.000 0.0343 0.0973 2.06 0.000 0.0319 0.1007 1.16 0.000 0.0272 0.0737 1.68 0.000
5 0.0277 0.0707 0.314 0.000 0.03 0.0784 1.64 0.000 0.0272 0.0775 0.937 0.000 0.0296 0.0639 0.584 0.000
6 0.0401 0.1948 3.01 0.000 0.031 0.1034 1.16 0.000 0.0329 0.0725 0.203 0.000 0.0291 0.0627 0.306 0.000
7 0.03 0.1059 2.23 0.000 0.0329 0.0780 0.597 0.000 0.041 0.0959 0.237 0.000 0.0358 0.0719 0.327 0.000
8 0.0372 0.1215 1.36 0.000 0.0329 0.0619 0.189 0.000 0.0329 0.0829 0.241 0.000 0.0329 0.1059 0.295 0.000
9 0.0358 0.1119 2.33 0.000 0.0296 0.0486 0.112 0.000 0.0319 0.1150 1.29 0.000 0.0272 0.0615 0.204 0.000
10 0.031 0.0854 0.884 0.000 0.0272 0.0958 0.947 0.000 0.0281 0.1273 2 0.000 0.0401 0.1235 1.24 0.000
