trial  cont1a(Gbit/s) cont1b(Gbit/s) cont2a(Gbit/s) cont2b(Gbit/s) cont3a(Gbit/s) cont3b(Gbit/s) cont4a(Gbit/s) cont4b(Gbit/s)
1 0.443 0.443 0.457 0.457 0.447 0.447 0.462 0.462
2 0.445 0.445 0.455 0.455 0.454 0.454 0.451 0.451
3 0.432 0.432 0.452 0.452 0.446 0.446 0.466 0.466
4 0.465 0.465 0.457 0.457 0.468 0.468 0.469 0.469
5 0.460 0.460 0.455 0.455 0.464 0.464 0.476 0.476
6 0.462 0.462 0.447 0.447 0.450 0.450 0.437 0.437
7 0.454 0.454 0.458 0.458 0.436 0.436 0.449 0.449
8 0.447 0.447 0.447 0.447 0.446 0.446 0.447 0.447
9 0.451 0.451 0.440 0.440 0.444 0.444 0.450 0.450
10 0.421 0.421 0.437 0.437 0.451 0.451 0.433 0.433
