trial  pair1_min(ms) pair1_mean(ms) pair1_max(ms) pair1_loss(pct) pair2_min(ms) pair2_mean(ms) pair2_max(ms) pair2_loss(pct)
1 0.0329 0.0586 0.124 0.000 0.0291 0.0618 0.162 0.000
2 0.031 0.0778 0.596 0.000 0.0377 0.1062 2.59 0.000
3 0.0339 0.1063 2.64 0.000 0.031 0.1159 2.52 0.000
4 0.0401 0.0776 0.498 0.000 0.0401 0.0843 1.28 0.000
5 0.031 0.1256 2.98 0.000 0.0339 0.0641 0.39 0.000
6 0.0329 0.1008 2.04 0.000 0.0353 0.0642 0.137 0.000
7 0.0391 0.0697 0.173 0.000 0.0339 0.0764 0.215 0.000
8 0.0343 0.0924 1.21 0.000 0.0377 0.1272 2.58 0.000
9 0.0339 0.0826 0.383 0.000 0.0348 0.0624 0.113 0.000
10 0.0353 0.0638 0.145 0.000 0.03 0.0674 0.397 0.000
