trial  pair1_min(ms) pair1_mean(ms) pair1_max(ms) pair1_loss(pct) pair2_min(ms) pair2_mean(ms) pair2_max(ms) pair2_loss(pct)
1 0.031 0.0622 0.1 0.000 0.0372 0.0735 0.537 0.000
2 0.0324 0.0898 2.67 0.000 0.0319 0.0655 0.174 0.000
3 0.0348 0.1229 2.5 0.000 0.0381 0.1091 1.46 0.000
4 0.03 0.0827 0.211 0.000 0.0319 0.1057 1.88 0.000
5 0.0329 0.0591 0.112 0.000 0.031 0.0941 1.76 0.000
6 0.0291 0.0765 0.221 0.000 0.0372 0.0777 0.189 0.000
7 0.0334 0.0874 0.411 0.000 0.0362 0.0746 0.274 0.000
8 0.0358 0.1323 4.93 0.000 0.0291 0.0656 0.181 0.000
9 0.0372 0.0814 0.225 0.000 0.0339 0.0604 0.126 0.000
10 0.0319 0.0651 0.379 0.000 0.0401 0.0957 0.302 0.000
